4295779882 8373 0 28
4295779932 0 0 0
4295779982 0 0 0
4295780032 0 0 0
4295780082 0 0 0
4295780132 0 0 0
4295780182 0 0 0
4295780232 0 0 0
4295780282 0 0 0
4295780332 0 0 0
4295780382 0 0 0
4295780432 0 0 0
4295780482 0 0 0
4295780532 0 0 0
4295780582 0 0 0
4295780632 0 0 0
4295780682 0 0 0
4295780732 0 0 0
4295780782 0 0 0
4295780832 0 0 0
4295780882 3886 0 13
4295780932 1677 0 5
4295780982 0 0 0
4295781032 0 0 0
4295781082 0 0 0
4295781132 0 0 0
4295781182 0 0 0
4295781232 0 0 0
4295781282 0 0 0
4295781332 0 0 0
4295781382 0 0 0
4295781432 0 0 0
4295781482 0 0 0
4295781532 0 0 0
4295781582 0 0 0
4295781632 0 0 0
4295781682 0 0 0
4295781732 0 0 0
4295781782 0 0 0
4295781832 0 0 0
4295781882 0 0 0
4295781932 3777 0 13
4295781982 0 0 0
4295782032 0 0 0
4295782082 0 0 0
4295782132 0 0 0
4295782182 0 0 0
4295782232 0 0 0
4295782282 0 0 0
4295782332 0 0 0
4295782382 0 0 0
4295782432 0 0 0
4295782482 0 0 0
4295782532 0 0 0
4295782582 0 0 0
4295782632 0 0 0
4295782682 0 0 0
4295782732 0 0 0
4295782782 0 0 0
4295782832 0 0 0
4295782882 0 0 0
4295782932 2574 0 9
4295782982 0 0 0
4295783032 0 0 0
4295783082 0 0 0
4295783132 0 0 0
4295783182 0 0 0
4295783232 0 0 0
4295783282 0 0 0
4295783332 0 0 0
4295783382 0 0 0
4295783432 0 0 0
4295783482 0 0 0
4295783532 0 0 0
4295783582 0 0 0
4295783632 0 0 0
4295783682 0 0 0
4295783732 0 0 0
4295783782 0 0 0
4295783832 0 0 0
4295783882 0 0 0
4295783932 1739 0 7
4295783982 0 0 0
4295784032 0 0 0
4295784082 0 0 0
4295784132 0 0 0
4295784182 0 0 0
4295784232 0 0 0
4295784282 0 0 0
4295784332 0 0 0
4295784382 0 0 0
4295784432 0 0 0
4295784482 0 0 0
4295784532 0 0 0
4295784582 0 0 0
4295784632 0 0 0
4295784682 0 0 0
4295784732 0 0 0
4295784782 0 0 0
4295784832 0 0 0
4295784882 0 0 0
4295784932 1196 0 6
4295784982 0 0 0
4295785032 0 0 0
4295785082 0 0 0
4295785132 0 0 0
4295785182 0 0 0
4295785232 0 0 0
4295785282 0 0 0
4295785332 0 0 0
4295785382 0 0 0
4295785432 0 0 0
4295785482 0 0 0
4295785532 0 0 0
4295785582 0 0 0
4295785632 0 0 0
4295785682 0 0 0
4295785732 0 0 0
4295785782 0 0 0
4295785832 0 0 0
4295785882 0 0 0
4295785932 778 0 4
4295785982 0 0 0
4295786032 0 0 0
4295786082 0 0 0
4295786132 0 0 0
4295786182 0 0 0
4295786232 0 0 0
4295786282 0 0 0
4295786332 0 0 0
4295786382 0 0 0
4295786432 0 0 0
4295786482 0 0 0
4295786532 0 0 0
4295786582 0 0 0
4295786632 0 0 0
4295786682 0 0 0
4295786732 0 0 0
4295786782 0 0 0
4295786832 0 0 0
4295786882 0 0 0
4295786932 539 0 3
4295786982 0 0 0
4295787032 0 0 0
4295787082 0 0 0
4295787132 0 0 0
4295787182 0 0 0
4295787232 0 0 0
4295787282 0 0 0
4295787332 0 0 0
4295787382 0 0 0
4295787432 0 0 0
4295787482 0 0 0
4295787532 0 0 0
4295787582 0 0 0
4295787632 0 0 0
4295787682 0 0 0
4295787732 0 0 0
4295787782 0 0 0
4295787832 0 0 0
4295787882 0 0 0
4295787932 72 0 1
4295787982 260 0 1
4295788032 0 0 0
4295788082 0 0 0
4295788132 0 0 0
4295788182 0 0 0
4295788232 0 0 0
4295788282 0 0 0
4295788332 0 0 0
4295788382 0 0 0
4295788432 0 0 0
4295788482 0 0 0
4295788532 0 0 0
4295788582 0 0 0
4295788632 0 0 0
4295788682 0 0 0
4295788732 0 0 0
4295788782 0 0 0
4295788832 0 0 0
4295788882 0 0 0
4295788932 0 0 0
4295788982 233 0 3
4295789032 0 0 0
4295789082 0 0 0
4295789132 0 0 0
4295789182 0 0 0
4295789232 0 0 0
4295789282 0 0 0
4295789332 0 0 0
4295789382 0 0 0
4295789432 0 0 0
4295789482 0 0 0
4295789532 0 0 0
4295789582 0 0 0
4295789632 0 0 0
4295789682 0 0 0
4295789732 0 0 0
4295789782 0 0 0
4295789832 0 0 0
4295789882 0 0 0
4295789932 0 0 0
4295789982 169 0 1
4295790032 0 0 0
4295790082 0 0 0
4295790132 0 0 0
4295790182 0 0 0
4295790232 0 0 0
4295790282 0 0 0
4295790332 0 0 0
4295790382 0 0 0
4295790432 0 0 0
4295790482 0 0 0
4295790532 0 0 0
4295790582 0 0 0
4295790632 0 0 0
4295790682 0 0 0
4295790732 0 0 0
4295790782 0 0 0
4295790832 0 0 0
4295790882 0 0 0
4295790932 0 0 0
4295790982 103 0 2
4295791032 0 0 0
4295791082 0 0 0
4295791132 0 0 0
4295791182 0 0 0
4295791232 0 0 0
4295791282 0 0 0
4295791332 0 0 0
4295791382 0 0 0
4295791432 0 0 0
4295791482 0 0 0
4295791532 0 0 0
4295791582 0 0 0
4295791632 0 0 0
4295791682 0 0 0
4295791732 0 0 0
4295791782 0 0 0
4295791832 0 0 0
4295791882 0 0 0
4295791932 0 0 0
4295791982 66 0 1
4295792032 0 0 0
4295792082 0 0 0
4295792132 0 0 0
4295792182 0 0 0
4295792232 0 0 0
4295792282 0 0 0
4295792332 0 0 0
4295792382 0 0 0
4295792432 0 0 0
4295792482 0 0 0
4295792532 0 0 0
4295792582 0 0 0
4295792632 0 0 0
4295792682 0 0 0
4295792732 0 0 0
4295792782 0 0 0
4295792832 0 0 0
4295792882 0 0 0
4295792932 0 0 0
4295792982 54 0 1
4295793032 0 0 0
4295793082 0 0 0
4295793132 0 0 0
4295793182 0 0 0
4295793232 0 0 0
4295793282 0 0 0
4295793332 0 0 0
4295793382 0 0 0
4295793432 0 0 0
4295793482 0 0 0
4295793532 0 0 0
4295793582 0 0 0
4295793632 0 0 0
4295793682 0 0 0
4295793732 0 0 0
4295793782 0 0 0
4295793832 0 0 0
4295793882 0 0 0
4295793932 0 0 0
4295793982 41 0 1
4295794032 0 0 0
4295794082 0 0 0
4295794132 0 0 0
4295794182 0 0 0
4295794232 0 0 0
4295794282 0 0 0
4295794332 0 0 0
4295794382 0 0 0
4295794432 0 0 0
4295794482 0 0 0
4295794532 0 0 0
4295794582 0 0 0
4295794632 0 0 0
4295794682 0 0 0
4295794732 0 0 0
4295794782 0 0 0
4295794832 0 0 0
4295794882 0 0 0
4295794932 0 0 0
4295794982 28 0 1
4295795032 0 0 0
4295795082 0 0 0
4295795132 0 0 0
4295795182 0 0 0
4295795232 0 0 0
4295795282 0 0 0
4295795332 0 0 0
4295795382 0 0 0
4295795432 0 0 0
4295795482 0 0 0
4295795532 0 0 0
4295795582 0 0 0
4295795632 0 0 0
4295795682 0 0 0
4295795732 0 0 0
4295795782 0 0 0
4295795832 0 0 0
4295795882 0 0 0
4295795932 0 0 0
4295795982 20 0 1
4295796032 0 0 0
4295796082 0 0 0
4295796132 0 0 0
4295796182 0 0 0
4295796232 0 0 0
4295796282 0 0 0
4295796332 0 0 0
4295796382 0 0 0
4295796432 0 0 0
4295796482 0 0 0
4295796532 0 0 0
4295796582 0 0 0
4295796632 0 0 0
4295796682 0 0 0
4295796732 0 0 0
4295796782 0 0 0
4295796832 0 0 0
4295796882 0 0 0
4295796932 0 0 0
4295796982 13 0 1
4295797032 0 0 0
4295797082 0 0 0
4295797132 0 0 0
4295797182 0 0 0
4295797232 0 0 0
4295797282 0 0 0
4295797332 0 0 0
4295797382 0 0 0
4295797432 0 0 0
4295797482 0 0 0
4295797532 0 0 0
4295797582 0 0 0
4295797632 0 0 0
4295797682 0 0 0
4295797732 0 0 0
4295797782 0 0 0
4295797832 0 0 0
4295797882 0 0 0
4295797932 0 0 0
4295797982 6 0 1
4295798032 0 0 0
4295798082 0 0 0
4295798132 0 0 0
4295798182 0 0 0
4295798232 0 0 0
4295798282 0 0 0
4295798332 0 0 0
4295798382 0 0 0
4295798432 0 0 0
4295798482 0 0 0
4295798532 0 0 0
4295798582 0 0 0
4295798632 0 0 0
4295798682 0 0 0
4295798732 0 0 0
4295798782 0 0 0
4295798832 0 0 0
4295798882 0 0 0
4295798932 0 0 0
4295798982 2 0 1
4295799032 0 0 0
4295799082 0 0 0
4295799132 0 0 0
4295799182 0 0 0
4295799232 0 0 0
4295799282 0 0 0
4295799332 0 0 0
4295799382 0 0 0
4295799432 0 0 0
4295799482 0 0 0
4295799532 0 0 0
4295799582 0 0 0
4295799632 0 0 0
4295799682 0 0 0
4295799732 0 0 0
4295799782 0 0 0
4295799832 0 0 0
4295799882 0 0 0
4295799932 0 0 0
read 402 profiled data
