4295368384 14123 0 46
4295368434 16144 0 50
4295368484 16303 0 49
4295368534 5613 0 17
4295368584 0 0 0
4295368634 0 0 0
4295368684 0 0 0
4295368734 0 0 0
4295368784 0 0 0
4295368834 0 0 0
4295368884 0 0 0
4295368934 0 0 0
4295368984 0 0 0
4295369034 0 0 0
4295369084 0 0 0
4295369134 0 0 0
4295369184 0 0 0
4295369234 0 0 0
4295369284 0 0 0
4295369334 0 0 0
4295369384 0 0 0
4295369434 8881 0 31
4295369484 0 0 0
4295369534 9206 0 28
4295369584 16123 0 50
4295369634 2837 0 9
4295369684 0 0 0
4295369734 0 0 0
4295369784 0 0 0
4295369834 0 0 0
4295369884 0 0 0
4295369934 0 0 0
4295369984 0 0 0
4295370034 0 0 0
4295370084 0 0 0
4295370134 0 0 0
4295370184 0 0 0
4295370234 0 0 0
4295370284 0 0 0
4295370334 0 0 0
4295370384 0 0 0
4295370434 62 0 1
4295370484 8180 0 27
4295370534 0 0 0
4295370584 0 0 0
4295370634 10257 0 34
4295370684 8988 0 27
4295370734 0 0 0
4295370784 0 0 0
4295370834 0 0 0
4295370884 0 0 0
4295370934 0 0 0
4295370984 0 0 0
4295371034 0 0 0
4295371084 0 0 0
4295371134 0 0 0
4295371184 0 0 0
4295371234 0 0 0
4295371284 0 0 0
4295371334 0 0 0
4295371384 0 0 0
4295371434 0 0 0
4295371484 5140 0 17
4295371534 2518 0 8
4295371584 0 0 0
4295371634 0 0 0
4295371684 4313 0 17
4295371734 8912 0 31
4295371784 0 0 0
4295371834 0 0 0
4295371884 0 0 0
4295371934 0 0 0
4295371984 0 0 0
4295372034 0 0 0
4295372084 0 0 0
4295372134 0 0 0
4295372184 0 0 0
4295372234 0 0 0
4295372284 0 0 0
4295372334 0 0 0
4295372384 0 0 0
4295372434 0 0 0
4295372484 0 0 0
4295372534 7158 0 22
4295372584 0 0 0
4295372634 0 0 0
4295372684 0 0 0
4295372734 4012 0 13
4295372784 5126 0 18
4295372834 0 0 0
4295372884 0 0 0
4295372934 0 0 0
4295372984 0 0 0
4295373034 0 0 0
4295373084 0 0 0
4295373134 0 0 0
4295373184 0 0 0
4295373234 0 0 0
4295373284 0 0 0
4295373334 0 0 0
4295373384 0 0 0
4295373434 0 0 0
4295373484 0 0 0
4295373534 5256 0 16
4295373584 1261 0 3
4295373634 0 0 0
4295373684 0 0 0
4295373734 0 0 0
4295373784 6117 0 25
4295373834 0 0 0
4295373884 0 0 0
4295373934 0 0 0
4295373984 0 0 0
4295374034 0 0 0
4295374084 0 0 0
4295374134 0 0 0
4295374184 0 0 0
4295374234 0 0 0
4295374284 0 0 0
4295374334 0 0 0
4295374384 0 0 0
4295374434 0 0 0
4295374484 0 0 0
4295374534 0 0 0
4295374584 6054 0 16
4295374634 0 0 0
4295374684 0 0 0
4295374734 0 0 0
4295374784 182 0 1
4295374834 3911 0 14
4295374884 0 0 0
4295374934 0 0 0
4295374984 0 0 0
4295375034 0 0 0
4295375084 0 0 0
4295375134 0 0 0
4295375184 0 0 0
4295375234 0 0 0
4295375284 0 0 0
4295375334 0 0 0
4295375384 0 0 0
4295375434 0 0 0
4295375484 0 0 0
4295375534 0 0 0
4295375585 5570 0 19
4295375635 0 0 0
4295375685 0 0 0
4295375735 0 0 0
4295375785 0 0 0
4295375835 2820 0 18
4295375885 0 0 0
4295375935 0 0 0
4295375985 0 0 0
4295376035 0 0 0
4295376085 0 0 0
4295376135 0 0 0
4295376185 0 0 0
4295376235 0 0 0
4295376285 0 0 0
4295376335 0 0 0
4295376385 0 0 0
4295376435 0 0 0
4295376485 0 0 0
4295376535 0 0 0
4295376585 2351 0 7
4295376635 2818 0 7
4295376685 0 0 0
4295376735 0 0 0
4295376785 0 0 0
4295376835 1962 0 11
4295376885 0 0 0
4295376935 0 0 0
4295376985 0 0 0
4295377035 0 0 0
4295377085 0 0 0
4295377135 0 0 0
4295377185 0 0 0
4295377235 0 0 0
4295377285 0 0 0
4295377335 0 0 0
4295377385 0 0 0
4295377435 0 0 0
4295377485 0 0 0
4295377535 0 0 0
4295377585 0 0 0
4295377635 4856 0 17
4295377685 0 0 0
4295377735 0 0 0
4295377785 0 0 0
4295377835 316 0 2
4295377885 1046 0 7
4295377935 0 0 0
4295377985 0 0 0
4295378035 0 0 0
4295378085 0 0 0
4295378135 0 0 0
4295378185 0 0 0
4295378235 0 0 0
4295378285 0 0 0
4295378335 0 0 0
4295378385 0 0 0
4295378435 0 0 0
4295378485 0 0 0
4295378535 0 0 0
4295378585 0 0 0
4295378635 4449 0 13
4295378685 0 0 0
4295378735 0 0 0
4295378785 0 0 0
4295378835 0 0 0
4295378885 935 0 8
4295378935 0 0 0
4295378985 0 0 0
4295379035 0 0 0
4295379085 0 0 0
4295379135 0 0 0
4295379185 0 0 0
4295379235 0 0 0
4295379285 0 0 0
4295379335 0 0 0
4295379385 0 0 0
4295379435 0 0 0
4295379485 0 0 0
4295379535 0 0 0
4295379585 0 0 0
4295379635 2179 0 7
4295379685 1991 0 5
4295379735 0 0 0
4295379785 0 0 0
4295379835 0 0 0
4295379885 609 0 7
4295379935 0 0 0
4295379985 0 0 0
4295380035 0 0 0
4295380085 0 0 0
4295380135 0 0 0
4295380185 0 0 0
4295380235 0 0 0
4295380285 0 0 0
4295380335 0 0 0
4295380385 0 0 0
4295380435 0 0 0
4295380485 0 0 0
4295380535 0 0 0
4295380585 0 0 0
4295380635 0 0 0
4295380685 3798 0 14
4295380735 0 0 0
4295380785 0 0 0
4295380835 0 0 0
4295380885 444 0 7
4295380935 0 0 0
4295380985 0 0 0
4295381035 0 0 0
4295381085 0 0 0
4295381135 0 0 0
4295381185 0 0 0
4295381235 0 0 0
4295381285 0 0 0
4295381335 0 0 0
4295381385 0 0 0
4295381435 0 0 0
4295381485 0 0 0
4295381535 0 0 0
4295381585 0 0 0
4295381635 0 0 0
4295381685 3582 0 14
4295381735 0 0 0
4295381785 0 0 0
4295381835 0 0 0
4295381885 303 0 6
4295381935 0 0 0
4295381985 0 0 0
4295382035 0 0 0
4295382085 0 0 0
4295382135 0 0 0
4295382185 0 0 0
4295382235 0 0 0
4295382285 0 0 0
4295382335 0 0 0
4295382385 0 0 0
4295382435 0 0 0
4295382485 0 0 0
4295382535 0 0 0
4295382585 0 0 0
4295382635 0 0 0
4295382685 3049 0 10
4295382735 197 0 0
4295382785 0 0 0
4295382835 0 0 0
4295382885 205 0 6
4295382935 0 0 0
4295382985 0 0 0
4295383035 0 0 0
4295383085 0 0 0
4295383135 0 0 0
4295383185 0 0 0
4295383235 0 0 0
4295383285 0 0 0
4295383335 0 0 0
4295383385 0 0 0
4295383435 0 0 0
4295383485 0 0 0
4295383535 0 0 0
4295383585 0 0 0
4295383635 0 0 0
4295383685 0 0 0
4295383735 3121 0 13
4295383785 0 0 0
4295383835 0 0 0
4295383885 125 0 6
4295383935 0 0 0
4295383985 0 0 0
4295384035 0 0 0
4295384085 0 0 0
4295384135 0 0 0
4295384185 0 0 0
4295384235 0 0 0
4295384285 0 0 0
4295384335 0 0 0
4295384385 0 0 0
4295384435 0 0 0
4295384485 0 0 0
4295384535 0 0 0
4295384585 0 0 0
4295384635 0 0 0
4295384685 0 0 0
4295384735 2855 0 11
4295384785 0 0 0
4295384835 0 0 0
4295384885 43 0 3
4295384935 53 0 3
4295384985 0 0 0
4295385035 0 0 0
4295385085 0 0 0
4295385135 0 0 0
4295385185 0 0 0
4295385235 0 0 0
4295385285 0 0 0
4295385335 0 0 0
4295385385 0 0 0
4295385435 0 0 0
4295385485 0 0 0
4295385535 0 0 0
4295385585 0 0 0
4295385635 0 0 0
4295385685 0 0 0
4295385735 2601 0 9
4295385785 0 0 0
4295385835 0 0 0
4295385885 0 0 0
4295385935 63 0 5
4295385985 0 0 0
4295386035 0 0 0
4295386085 0 0 0
4295386135 0 0 0
4295386185 0 0 0
4295386235 0 0 0
4295386285 0 0 0
4295386335 0 0 0
4295386385 0 0 0
4295386435 0 0 0
4295386485 0 0 0
4295386535 0 0 0
4295386585 0 0 0
4295386635 0 0 0
4295386685 0 0 0
4295386735 2388 0 9
4295386785 0 0 0
4295386835 0 0 0
4295386885 0 0 0
4295386935 43 0 6
4295386985 0 0 0
4295387035 0 0 0
4295387085 0 0 0
4295387135 0 0 0
4295387185 0 0 0
4295387235 0 0 0
4295387285 0 0 0
4295387335 0 0 0
4295387385 0 0 0
4295387435 0 0 0
4295387485 0 0 0
4295387535 0 0 0
4295387585 0 0 0
4295387635 0 0 0
4295387685 0 0 0
4295387735 463 0 3
4295387785 1797 0 7
4295387835 0 0 0
4295387885 0 0 0
4295387935 31 0 4
4295387985 0 0 0
4295388035 0 0 0
4295388085 0 0 0
4295388135 0 0 0
4295388185 0 0 0
4295388235 0 0 0
4295388285 0 0 0
4295388335 0 0 0
4295388385 0 0 0
4295388435 0 0 0
4295388485 0 0 0
4295388535 0 0 0
4295388585 0 0 0
4295388635 0 0 0
4295388685 0 0 0
4295388735 0 0 0
4295388785 1 0 43
4295388835 0 0 49
4295388885 0 0 0
4295388935 1 0 30
4295388985 0 0 49
4295389035 0 0 50
56253 68719476746 28867 56277
68719476746 31080 56289 68719476746
30002 56301 68719476746 36741
56330 68719476746 35840 56342
68719476746 35869 56348 68719476746
36130 56354 68719476746 34947
56360 68719476746 28156 56366
68719476746 34760 56373 68719476746
32026 56386 68719476746 34976
56399 68719476746 29386 56413
68719476746 31821 56426 68719476746
31336 56440 68719476746 28319
56454 68719476746 34122 56467
68719476746 28629 56480 68719476746
32943 56493 68719476746 30509
56506 68719476746 27916 56519
68719476746 28274 56532 68719476746
31769 56545 68719476746 34355
56558 68719476746 31600 56571
68719476746 36422 56584 68719476746
36591 56598 68719476746 35133
56612 68719476746 30392 56626
68719476746 30460 56640 68719476746
32856 56668 68719476746 29837
56682 68719476746 32756 56696
68719476746 36842 56710 68719476746
33213 56724 68719476746 34175
56738 68719476746 30532 56752
68719476746 31171 56766 68719476746
31436 56780 68719476746 33276
56794 68719476746 28360 56808
68719476746 35394 56822 68719476746
28405 56836 68719476746 35348
56850 68719476746 32006 56925
68719476746 32501 56941 68719476746
34413 56954 68719476746 32011
56968 68719476746 28897 56984
68719476746 31845 57000 68719476746
36792 57016 68719476746 32305
57032 68719476746 33638 57048
68719476746 29715 57064 68719476746
33000 57080 68719476746 29094
57096 68719476746 27801 57112
68719476746 36366 57135 68719476746
28212 57149 68719476746 30102
57162 68719476746 32770 57176
68719476746 33524 57224 68719476746
33936 57237 68719476746 28319
57250 68719476746 36456 57270
68719476746 31743 57284 68719476746
27625 57297 68719476746 34298
57310 68719476746 30493 57380
68719476746 33730 57408 68719476746
35679 57420 68719476746 30042
57432 68719476746 28004 57444
68719476746 33856 57456 68719476746
31182 57480 68719476746 29976
57492 68719476746 35533 57504
68719476746 28123 57516 68719476746
28665 57528 68719476746 27771
57540 68719476746 27441 57585
68719476746 30378 57597 68719476746
29522 57609 68719476746 36398
57621 68719476746 34564 57633
68719476746 35577 57645 68719476746
36049 57657 68719476746 29012
57669 68719476746 27441 57698
68719476746 30160 57710 68719476746
29522 57722 68719476746 35478
57734 68719476746 32886 57763
68719476746 35001 57775 68719476746
32601 57799 68719476746 32006
57811 68719476746 36842 57823
68719476746 35308 57835 68719476746
30431 57847 68719476746 36707
57866 68719476746 34959 57878
68719476746 28538 57890 68719476746
29101 57902 68719476746 35878
57914 68719476746 27745 57926
68719476746 31286 57938 68719476746
30685 57950 68719476746 34543
57962 68719476746 36692 58074
68719476746 33351 58086 68719476746
29414 58098 68719476746 32542
58110 68719476746 32137 58135
68719476746 32087 58147 68719476746
29699 58159 68719476746 33325
58171 68719476746 35376 58184
68719476746 35643 58196 68719476746
30259 58208 68719476746 28205
58221 68719476746 28612 58233
68719476746 36484 58269 68719476746
35484 58281 68719476746 28822
58293 68719476746 28591 58324
68719476746 34488 58336 68719476746
27525 58348 68719476746 34707
58360 68719476746 27975 58372
68719476746 30711 58385 68719476746
68719476746 31535 52041 68719476746
29870 52055 68719476746 33461
52069 68719476746 31015 52083
68719476746 35386 52097 68719476746
35830 52111 68719476746 34516
52149 68719476746 29237 52212
68719476746 36570 52224 68719476746
33208 52609 68719476746 29888
52621 68719476746 34831 52650
68719476746 36326 52684 68719476746
33035 52698 68719476746 32865
52711 68719476746 31336 52724
68719476746 32006 52737 68719476746
36663 52750 68719476746 29372
52763 68719476746 36514 52776
68719476746 28674 52789 68719476746
29052 52802 68719476746 33901
52815 68719476746 33931 52828
68719476746 27432 52853 68719476746
28267 52866 68719476746 35976
52879 68719476746 30988 52892
68719476746 34904 52905 68719476746
29487 52919 68719476746 33604
52933 68719476746 29787 52947
68719476746 33906 52961 68719476746
35032 52975 68719476746 30017
52989 68719476746 31789 53003
68719476746 36033 53017 68719476746
30768 53031 68719476746 31874
53045 68719476746 31723 53059
68719476746 30270 53073 68719476746
36290 53087 68719476746 30242
53101 68719476746 35558 53115
68719476746 34991 53129 68719476746
34658 53143 68719476746 36275
53157 68719476746 34203 53171
68719476746 32193 53185 68719476746
34227 53199 68719476746 35409
53213 68719476746 30581 53227
68719476746 34011 53241 68719476746
29955 53255 68719476746 32871
53269 68719476746 35599 53283
68719476746 33944 53297 68719476746
30828 53311 68719476746 31429
53325 68719476746 34232 53339
68719476746 29036 53353 68719476746
36754 53367 68719476746 34745
53381 68719476746 36232 53395
68719476746 32166 53409 68719476746
33091 53423 68719476746 34720
53437 68719476746 34308 53451
68719476746 31248 53465 68719476746
31135 53479 68719476746 29276
53493 68719476746 35152 53507
68719476746 30920 53521 68719476746
28747 53535 68719476746 30590
53549 68719476746 29588 53563
68719476746 30124 53577 68719476746
32894 53591 68719476746 30607
53605 68719476746 35696 53626
68719476746 31777 53650 68719476746
27863 53662 68719476746 30631
53674 68719476746 29085 53686
68719476746 36098 53698 68719476746
28883 53710 68719476746 33311
53722 68719476746 31104 53734
68719476746 33566 53746 68719476746
33616 53758 68719476746 30788
53770 68719476746 31219 53782
68719476746 35856 53794 68719476746
31233 53806 68719476746 28727
53818 68719476746 28424 53830
68719476746 36203 53842 68719476746
33292 53854 68719476746 36398
53866 68719476746 34889 53878
68719476746 29770 53890 68719476746
30412 53902 68719476746 29343
53914 68719476746 31551 53926
68719476746 33963 53938 68719476746
27553 53999 68719476746 30943
54011 68719476746 27684 54059
68719476746 27694 54083 68719476746
27704 54095 68719476746 27714
54107 68719476746 27724 54119
68719476746 30363 54181 68719476746
35515 54285 68719476746 34020
54298 68719476746 32699 54455
68719476746 34404 54467 68719476746
30997 54496 68719476746 27839
54568 68719476746 31009 54581
68719476746 35703 54594 68719476746
34020 54607 68719476746 33628
54620 68719476746 29816 54674
68719476746 36766 54778 68719476746
34020 54791 68719476746 32188
54804 68719476746 34699 54817
68719476746 32178 54830 68719476746
32452 54855 68719476746 33844
54868 68719476746 29865 54881
68719476746 33875 54901 68719476746
34504 54915 68719476746 32677
54929 68719476746 32833 54942
68719476746 36016 54955 68719476746
27684 54968 68719476746 27694
55014 68719476746 27475 55028
68719476746 34559 55041 68719476746
27882 55055 68719476746 31270
55070 68719476746 30275 55084
68719476746 33270 55096 68719476746
28353 55108 68719476746 33076
55120 68719476746 34029 55146
68719476746 32865 55175 68719476746
27498 55188 68719476746 27506
55218 68719476746 29739 55232
68719476746 36252 55299 68719476746
28527 55311 68719476746 35629
55322 68719476746 27609 55333
68719476746 29430 55345 68719476746
28580 55357 68719476746 29024
55369 68719476746 27948 55381
68719476746 29986 55394 68719476746
32044 55406 68719476746 35243
55419 68719476746 29684 55431
68719476746 29300 55460 68719476746
36411 55473 68719476746 29548
55485 68719476746 31024 55509
68719476746 32443 55521 68719476746
28194 55533 68719476746 30077
34795 48555 68719476746 27986
48567 68719476746 36729 48615
68719476746 33740 48627 68719476746
31860 48639 68719476746 33382
48651 68719476746 30641 48663
68719476746 36842 48714 68719476746
30052 48897 68719476746 29829
48931 68719476746 36842 48966
68719476746 34064 49000 68719476746
28558 49023 68719476746 27519
49046 68719476746 29600 49069
68719476746 30514 49096 68719476746
29047 49107 68719476746 28072
49125 68719476746 30136 49137
68719476746 35733 49156 68719476746
28549 49167 68719476746 29478
49178 68719476746 30819 49189
68719476746 36060 49200 68719476746
35010 49232 68719476746 29231
49243 68719476746 27596 49255
68719476746 27596 49268 68719476746
30735 49300 68719476746 35714
49332 68719476746 33392 49364
68719476746 34652 49412 68719476746
27546 49424 68719476746 28647
49436 68719476746 28653 49451
68719476746 29522 49507 68719476746
33335 49576 68719476746 28659
49611 68719476746 35786 49630
68719476746 29442 49642 68719476746
32236 49654 68719476746 32922
49681 68719476746 28095 49696
68719476746 29522 49739 68719476746
30974 49751 68719476746 33443
49763 68719476746 28101 49776
68719476746 34594 49787 68719476746
28685 49799 68719476746 30763
49811 68719476746 31543 49824
68719476746 36875 49836 68719476746
33081 49849 68719476746 29308
49861 68719476746 32360 49873
68719476746 32470 49885 68719476746
28055 49897 68719476746 32006
49910 68719476746 31087 49922
68719476746 31630 49934 68719476746
34449 49947 68719476746 35667
49959 68719476746 30214 49971
68719476746 28341 50008 68719476746
28036 50021 68719476746 29559
50033 68719476746 29401 50045
68719476746 31099 50057 68719476746
36618 50069 68719476746 31946
50081 68719476746 34837 50093
68719476746 36645 50105 68719476746
31976 50117 68719476746 36654
50129 68719476746 31996 50141
68719476746 32101 50153 68719476746
28718 50165 68719476746 30702
50177 68719476746 27488 50189
68719476746 29572 50201 68719476746
31377 50213 68719476746 28518
50225 68719476746 32332 50237
68719476746 35585 50249 68719476746
33885 50261 68719476746 33760
50273 68719476746 33811 50285
68719476746 29191 50297 68719476746
31120 50309 68719476746 31836
50321 68719476746 31157 50333
68719476746 32979 50345 68719476746
36783 50357 68719476746 36405
50369 68719476746 28951 50381
68719476746 32688 50393 68719476746
30060 50405 68719476746 31916
50418 68719476746 33551 50431
68719476746 28989 50444 68719476746
29760 50457 68719476746 36307
50470 68719476746 28107 50483
68719476746 31805 50496 68719476746
33221 50509 68719476746 35689
50522 68719476746 29527 50535
68719476746 31897 50711 68719476746
36152 50724 68719476746 35096
50762 68719476746 30897 50799
68719476746 34805 50812 68719476746
36906 50849 68719476746 28564
50862 68719476746 32912 50875
68719476746 30646 50901 68719476746
30811 50914 68719476746 27905
50940 68719476746 33398 50953
68719476746 31933 50966 68719476746
28998 51162 68719476746 35656
51175 68719476746 33226 51187
68719476746 36848 51200 68719476746
30425 51421 68719476746 31731
51433 68719476746 32114 51445
68719476746 30657 51457 68719476746
27563 51469 68719476746 27584
51481 68719476746 32272 51493
68719476746 34937 51505 68719476746
33086 51517 68719476746 29499
51530 68719476746 27827 51542
68719476746 30289 51583 68719476746
29965 51596 68719476746 36627
51608 68719476746 31956 51620
68719476746 36636 51632 68719476746
31966 51644 68719476746 32125
51656 68719476746 31888 51668
68719476746 33140 51680 68719476746
35500 51692 68719476746 33587
51704 68719476746 33123 51716
68719476746 32660 51728 68719476746
35056 51740 68719476746 34918
51752 68719476746 35022 51765
68719476746 34165 51778 68719476746
35212 51791 68719476746 33431
51804 68719476746 32206 51817
68719476746 33657 51830 68719476746
27874 51843 68719476746 35451
51856 68719476746 36358 51869
68719476746 29201 51882 68719476746
34216 51895 68719476746 32643
51908 68719476746 33827 51921
68719476746 32371 51934 68719476746
28844 51947 68719476746 34455
51960 68719476746 32324 51973
68719476746 30904 51986 68719476746
33675 51999 68719476746 28702
52013 68719476746 28047 52027
46252 68719476746 12216 46265
68719476746 24089 46278 68719476746
10567 46314 68719476746 11427
46328 68719476746 2701 46341
68719476746 20505 46354 68719476746
7156 46367 68719476746 13563
46380 68719476746 8272 46394
68719476746 24576 46407 68719476746
2631 46420 68719476746 2174
46433 68719476746 3815 46446
68719476746 1307 46459 68719476746
25052 46488 68719476746 25270
46501 68719476746 4060 46514
68719476746 9316 46527 68719476746
16234 46541 68719476746 12078
46554 68719476746 24676 46568
68719476746 12820 46582 68719476746
17777 46596 68719476746 25162
46610 68719476746 10948 46623
68719476746 13963 46636 68719476746
1199 46650 68719476746 9345
46662 30064771073 0 46671
68719476746 821 46683 38654705665
48 46698 68719476746 17741
46710 38654705665 56 46719
68719476746 18588 46731 30064771073
176 46740 68719476746 26472
46753 68719476746 16524 46765
30064771073 192 46774 68719476746
16739 46786 38654705665 24
46795 68719476746 5751 46807
38654705665 8 46816 68719476746
8597 46828 38654705665 16
46837 68719476746 8092 46849
38654705665 80 46858 68719476746
15447 46870 30064771073 368
46879 68719476746 7846 46892
21474836481 45 46906 68719476746
1177 46919 21474836481 29
46949 68719476746 9483 46962
21474836481 0 46976 68719476746
2460 46989 68719476746 11218
47008 68719476746 19574 47022
68719476746 27297 47035 68719476746
6053 47048 68719476746 14077
47061 68719476746 4840 47075
68719476746 6801 47089 68719476746
4815 47103 68719476746 7321
47117 68719476746 21111 47131
68719476746 22262 47145 68719476746
12891 47159 68719476746 18492
47172 68719476746 12985 47185
68719476746 23128 47198 68719476746
17317 47217 68719476746 25734
47230 68719476746 7695 47243
68719476746 6433 47256 68719476746
22792 47270 68719476746 2276
47284 68719476746 4768 47298
68719476746 21658 47311 68719476746
23067 47324 68719476746 15797
47338 68719476746 12571 47352
68719476746 4736 47376 68719476746
20298 47389 68719476746 23571
47402 68719476746 16331 47415
68719476746 1552 47428 68719476746
10460 47441 68719476746 17490
47454 68719476746 13604 47467
68719476746 525 47480 68719476746
16465 47493 68719476746 6902
47506 68719476746 26574 47519
68719476746 8252 47532 68719476746
6385 47545 68719476746 13777
47563 68719476746 14540 47576
68719476746 12687 47594 68719476746
13239 47607 68719476746 25561
47620 68719476746 22025 47633
68719476746 18044 47646 68719476746
25914 47659 68719476746 4511
47672 68719476746 24548 47686
68719476746 2043 47699 68719476746
17393 47712 68719476746 1037
47725 68719476746 12216 47738
68719476746 24089 47751 68719476746
10567 47764 68719476746 11427
47778 68719476746 2701 47791
68719476746 20505 47804 68719476746
7156 47817 68719476746 13563
47830 68719476746 8272 47844
68719476746 24576 47857 68719476746
2631 47870 68719476746 2174
47883 68719476746 3815 47896
68719476746 1307 47909 68719476746
25052 47922 68719476746 25270
47935 68719476746 4060 47949
68719476746 9316 47962 68719476746
16234 47976 68719476746 12078
47989 68719476746 24676 48003
68719476746 12820 48017 68719476746
17777 48031 68719476746 25162
48045 68719476746 10948 48058
68719476746 13963 48071 68719476746
1199 48085 68719476746 26472
48098 425201762305 0 48113
47244640266 1663 48119 68719476746
35165 48124 68719476746 28906
48128 68719476746 29638 48132
64424509450 2602 48139 68719476746
32560 48144 68719476746 29425
48157 68719476746 29941 48164
68719476746 36682 48169 68719476746
32850 48182 68719476746 32523
48194 68719476746 33150 48207
68719476746 36578 48214 68719476746
35918 48219 68719476746 33669
48232 68719476746 35280 48303
68719476746 33776 48337 68719476746
33926 48360 68719476746 33019
48373 68719476746 33245 48378
68719476746 28485 48389 68719476746
33695 48406 68719476746 35205
48417 68719476746 28419 48430
68719476746 27603 48435 68719476746
30913 48446 68719476746 34737
48457 68719476746 29916 48468
68719476746 34527 48487 68719476746
28011 48500 68719476746 29879
48519 68719476746 28011 48532
68719476746 31524 48543 68719476746
8589934593 1533 44044 51539607562
3024 44053 51539607562 3024
44058 8589934593 1501 44066
8589934593 1533 44086 8589934593
1501 44094 8589934593 1508
44110 51539607562 3024 44115
8589934593 1501 44123 8589934593
1508 44141 60129542154 352
44156 38654705665 32 44169
8589934593 1644 44177 8589934593
1652 44192 51539607562 3061
44199 60129542154 400 44210
38654705665 40 44226 8589934593
1781 44234 60129542154 448
44250 51539607562 3096 44255
60129542154 496 44264 51539607562
3152 44280 8589934593 1819
44288 60129542154 544 44304
51539607562 3258 44309 60129542154
592 44318 51539607562 3293
44327 51539607562 3393 44336
51539607562 3495 44347 8589934593
1880 44355 8589934593 1887
44375 51539607562 3551 44385
8589934593 1940 44393 8589934593
1960 44409 51539607562 3595
44414 8589934593 1940 44422
8589934593 1960 44435 51539607562
3657 44444 8589934593 1953
44452 8589934593 1960 44468
51539607562 3699 44473 8589934593
1953 44481 8589934593 1960
44499 8589934593 1953 44507
8589934593 1960 44523 51539607562
3699 44532 51539607562 3734
44548 8589934593 2040 44556
8589934593 2049 44568 8589934593
2040 44576 8589934593 2049
44589 51539607562 3770 44597
68719476746 12587 44609 8589934593
2095 44617 8589934593 2523
44632 68719476746 20326 44643
51539607562 3805 44659 51539607562
3859 44685 51539607562 4046
44690 68719476746 11118 44697
8589934593 2496 44706 68719476746
11145 44713 8589934593 2474
44722 68719476746 13396 44729
8589934593 2451 44738 68719476746
10117 44745 8589934593 2431
44754 68719476746 27036 44761
8589934593 2410 44770 60129542154
640 44779 68719476746 25014
44792 38654705665 64 44801
68719476746 7863 44812 51539607562
4162 44822 8589934593 2286
44830 8589934593 2298 44846
51539607562 4206 44855 8589934593
2286 44863 8589934593 2298
44878 51539607562 4206 44887
51539607562 4241 44895 68719476746
9873 44903 8589934593 2523
44911 8589934593 2882 44937
51539607562 4277 44953 51539607562
4398 44958 68719476746 10934
44969 51539607562 4500 44995
51539607562 4556 45004 8589934593
2620 45012 8589934593 2639
45032 51539607562 4618 45037
8589934593 2620 45045 8589934593
2639 45058 51539607562 4680
45067 8589934593 2633 45075
8589934593 2639 45091 51539607562
4722 45096 8589934593 2633
45104 8589934593 2639 45122
8589934593 2633 45130 8589934593
2639 45146 51539607562 4722
45155 51539607562 4757 45169
8589934593 2814 45177 8589934593
2826 45193 51539607562 4793
45202 8589934593 2814 45210
8589934593 2826 45225 51539607562
4793 45234 51539607562 4828
45253 68719476746 2460 45277
68719476746 11218 45296 68719476746
19574 45310 68719476746 27297
45339 68719476746 6053 45352
68719476746 14077 45365 68719476746
4840 45379 68719476746 6801
45393 68719476746 4815 45407
68719476746 7321 45421 68719476746
21111 45435 68719476746 22262
45449 68719476746 12891 45463
68719476746 18492 45476 68719476746
12985 45494 68719476746 23128
45529 68719476746 17317 45548
68719476746 19301 45559 68719476746
25734 45572 68719476746 7695
45585 68719476746 6433 45598
68719476746 22792 45612 68719476746
2276 45626 68719476746 4768
45640 68719476746 21658 45653
68719476746 23067 45682 68719476746
15797 45696 68719476746 12571
45710 68719476746 4736 45740
68719476746 20298 45753 68719476746
23571 45766 68719476746 16331
45779 68719476746 1552 45792
68719476746 10460 45805 68719476746
17490 45818 68719476746 13604
45831 68719476746 525 45844
68719476746 16465 45857 68719476746
14257 45863 68719476746 6902
45876 68719476746 26574 45912
68719476746 8252 45942 68719476746
6385 45966 68719476746 13777
45984 68719476746 14540 45997
68719476746 12687 46015 68719476746
13239 46028 68719476746 25561
46041 68719476746 22025 46054
68719476746 1695 46085 68719476746
19834 46116 68719476746 5345
46122 68719476746 14090 46153
68719476746 18044 46166 68719476746
25914 46179 68719476746 4511
46192 68719476746 24548 46212
68719476746 2043 46226 68719476746
17393 46239 68719476746 1037
159 42166 68719476746 19381
42176 51539607562 230 42181
68719476746 26926 42191 51539607562
305 42206 51539607562 359
42213 68719476746 22511 42225
8589934593 211 42233 8589934593
339 42248 68719476746 11745
42259 51539607562 421 42264
68719476746 19381 42275 51539607562
475 42291 51539607562 510
42296 68719476746 15817 42307
51539607562 545 42323 51539607562
580 42328 68719476746 25117
42339 51539607562 615 42355
51539607562 650 42360 68719476746
17029 42371 51539607562 723
42376 8589934593 287 42384
8589934593 292 42393 68719476746
5784 42404 51539607562 777
42411 68719476746 11555 42419
8589934593 339 42427 8589934593
392 42442 8589934593 392
42450 8589934593 487 42469
51539607562 812 42478 51539607562
866 42487 8589934593 430
42495 60129542154 0 42506
8589934593 462 42514 8589934593
479 42529 51539607562 959
42534 8589934593 462 42542
8589934593 479 42560 68719476746
14049 42571 8589934593 487
42579 8589934593 677 42604
51539607562 994 42609 68719476746
10179 42619 51539607562 1029
42624 68719476746 7366 42634
51539607562 1083 42639 68719476746
9650 42649 51539607562 1137
42654 68719476746 1193 42664
51539607562 1191 42679 51539607562
1226 42684 68719476746 10934
42694 51539607562 1263 42703
8589934593 637 42711 8589934593
661 42724 68719476746 27247
42735 8589934593 677 42743
8589934593 946 42758 68719476746
24601 42768 51539607562 1298
42773 68719476746 21492 42783
51539607562 1353 42788 68719476746
17835 42798 51539607562 1408
42803 68719476746 10179 42818
68719476746 7366 42833 68719476746
9650 42847 68719476746 1193
42861 68719476746 17029 42871
51539607562 1463 42880 8589934593
711 42888 8589934593 718
42909 30064771073 176 42920
8589934593 839 42928 8589934593
843 42937 68719476746 5784
42947 51539607562 1517 42958
8589934593 946 42966 8589934593
1010 42985 51539607562 1552
42994 8589934593 976 43002
8589934593 1003 43013 8589934593
976 43021 8589934593 1003
43039 68719476746 19751 43050
8589934593 1010 43058 8589934593
1151 43073 68719476746 10934
43083 51539607562 1587 43098
51539607562 1641 43113 51539607562
1695 43118 68719476746 10179
43132 68719476746 7366 43146
68719476746 9650 43160 68719476746
1193 43174 68719476746 17029
43184 51539607562 1768 43193
8589934593 1058 43201 60129542154
48 43216 51539607562 1843
43225 51539607562 1880 43230
60129542154 96 43246 8589934593
1058 43254 8589934593 1065
43270 51539607562 1880 43275
8589934593 1058 43283 8589934593
1065 43305 8589934593 1136
43313 8589934593 1144 43328
51539607562 1917 43335 68719476746
2113 43363 68719476746 10934
43374 68719476746 17029 43396
68719476746 18333 43407 68719476746
11118 43419 68719476746 25014
43432 68719476746 25014 43445
68719476746 116 43473 68719476746
9473 43484 68719476746 17029
43497 68719476746 1518 43509
8589934593 1151 43517 8589934593
2095 43532 68719476746 18457
43543 51539607562 1952 43548
68719476746 5864 43559 51539607562
1987 43564 68719476746 15817
43575 51539607562 2041 43580
68719476746 25117 43591 51539607562
2095 43621 51539607562 2130
43637 51539607562 2188 43646
8589934593 1180 43654 60129542154
144 43676 51539607562 2223
43686 8589934593 1196 43694
8589934593 1215 43714 51539607562
2281 43723 51539607562 2335
43732 51539607562 2370 43737
8589934593 1196 43745 8589934593
1215 43766 8589934593 1314
43774 60129542154 192 43790
51539607562 2424 43795 60129542154
240 43804 51539607562 2480
43813 51539607562 2515 43822
51539607562 2550 43831 51539607562
2608 43840 8589934593 1703
43853 8589934593 1375 43861
8589934593 1427 43880 51539607562
2734 43885 8589934593 1375
43893 8589934593 1427 43906
51539607562 2769 43911 8589934593
1375 43919 8589934593 1386
43936 51539607562 2842 43942
8589934593 1404 43950 8589934593
1408 43963 51539607562 2904
43975 8589934593 1436 43983
60129542154 288 43998 51539607562
2939 44007 51539607562 2983
44017 8589934593 1501 44025
40394 68719476746 6603 40400
68719476746 8639 40406 68719476746
3527 40412 68719476746 8824
40418 68719476746 10271 40424
68719476746 15413 40430 68719476746
6028 40436 68719476746 13885
40442 68719476746 14206 40448
68719476746 21542 40454 68719476746
5063 40460 68719476746 12434
40466 68719476746 19456 40472
68719476746 12506 40478 68719476746
21223 40484 68719476746 7237
40490 68719476746 20735 40496
68719476746 13250 40502 68719476746
830 40508 68719476746 8292
40514 68719476746 9084 40520
68719476746 12756 40526 68719476746
23096 40532 68719476746 3761
40538 68719476746 18440 40544
68719476746 17751 40550 68719476746
9523 40556 68719476746 13706
40562 68719476746 3254 40568
68719476746 16837 40574 68719476746
9226 40580 68719476746 22083
40587 68719476746 5075 40599
68719476746 4584 40605 68719476746
15809 40611 68719476746 25242
40617 68719476746 1213 40623
68719476746 904 40629 68719476746
15602 40635 68719476746 13266
40641 68719476746 25092 40647
68719476746 26822 40653 68719476746
26649 40659 68719476746 14004
40665 68719476746 25837 40671
68719476746 17936 40677 68719476746
14846 40683 68719476746 493
40689 68719476746 755 40695
68719476746 10901 40701 68719476746
18181 40707 68719476746 26050
40713 68719476746 21299 40719
68719476746 20778 40725 68719476746
841 40731 68719476746 10971
40737 68719476746 14274 40743
68719476746 26017 40749 68719476746
4143 40755 68719476746 15018
40761 68719476746 4028 40767
68719476746 4952 40773 68719476746
1579 40779 68719476746 22966
40785 68719476746 22248 40791
68719476746 15938 40797 68719476746
12395 40803 68719476746 11910
40809 68719476746 25336 40815
68719476746 24748 40821 68719476746
17580 40827 68719476746 11014
40833 68719476746 23020 40839
68719476746 23557 40845 68719476746
5791 40851 68719476746 8613
40857 68719476746 2781 40863
68719476746 1672 40869 68719476746
17565 40875 68719476746 22210
40881 68719476746 16500 40887
68719476746 18650 40893 68719476746
21820 40899 68719476746 21893
40905 68719476746 8413 40911
68719476746 22557 40917 68719476746
578 40923 68719476746 15277
40929 68719476746 24553 40935
68719476746 5239 40941 68719476746
24426 40947 68719476746 9788
40953 68719476746 25478 40959
68719476746 4942 40965 68719476746
6636 40972 68719476746 23542
40985 68719476746 4216 41014
68719476746 9116 41026 68719476746
10934 41038 68719476746 1221
41050 68719476746 7366 41062
68719476746 10179 41074 68719476746
9650 41086 68719476746 1193
41099 68719476746 20709 41116
68719476746 3415 41128 68719476746
15088 41145 68719476746 3415
41156 68719476746 23795 41167
68719476746 7125 41179 68719476746
24949 41196 68719476746 3415
41207 68719476746 10791 41219
68719476746 2587 41242 68719476746
7573 41265 68719476746 24453
41288 68719476746 7573 41300
68719476746 13830 41318 68719476746
13684 41349 68719476746 22727
41399 68719476746 17029 41417
68719476746 21700 41434 68719476746
17485 41457 68719476746 11281
41466 68719476746 651 41475
68719476746 23030 41490 68719476746
15540 41501 68719476746 27198
41528 68719476746 10934 41541
68719476746 20283 41554 68719476746
13684 41566 68719476746 2847
41583 68719476746 3415 41594
68719476746 23795 41618 68719476746
19263 41631 68719476746 1221
41643 68719476746 25813 41660
68719476746 3415 41671 68719476746
7125 41683 68719476746 4390
41711 68719476746 17029 41727
68719476746 5784 41740 68719476746
5784 41753 68719476746 24116
41777 68719476746 17485 41789
68719476746 25787 41816 68719476746
17274 41847 68719476746 22760
41860 68719476746 24536 41878
68719476746 4229 41891 68719476746
22352 41904 68719476746 11745
41916 68719476746 10078 41929
68719476746 11745 41941 68719476746
13551 41952 8589934593 0
41960 8589934593 13 41975
68719476746 11242 42000 68719476746
7515 42011 8589934593 13
42019 8589934593 26 42034
68719476746 11242 42059 68719476746
10290 42070 8589934593 26
42078 8589934593 211 42101
51539607562 0 42116 51539607562
35 42131 51539607562 89
42146 51539607562 124 42151
68719476746 3415 42161 51539607562
68719476746 18598 37606 68719476746
5559 37620 68719476746 10964
37634 68719476746 3586 37648
68719476746 22774 37662 68719476746
13187 37676 68719476746 21341
37690 68719476746 3048 37704
68719476746 17021 37718 68719476746
10179 37732 68719476746 7366
37746 68719476746 14483 37760
68719476746 7210 37774 68719476746
17385 37788 68719476746 8435
37802 68719476746 21967 37816
68719476746 12562 37830 68719476746
24379 37844 68719476746 2389
37858 68719476746 794 37872
68719476746 12939 37886 68719476746
24944 37900 68719476746 15367
37914 68719476746 19882 37928
68719476746 10557 37942 68719476746
1751 37956 68719476746 6821
37970 68719476746 3276 37984
68719476746 16135 37998 68719476746
8377 38012 68719476746 15071
38043 68719476746 19481 38055
68719476746 22635 38083 68719476746
13760 38095 68719476746 1751
38107 68719476746 3313 38120
68719476746 7332 38133 68719476746
10068 38146 68719476746 8982
38159 68719476746 3062 38173
68719476746 22705 38186 68719476746
11382 38199 68719476746 23795
38212 68719476746 15198 38225
68719476746 18903 38238 68719476746
9847 38251 68719476746 9743
38264 68719476746 11750 38277
68719476746 2228 38290 68719476746
11762 38303 68719476746 1271
38316 68719476746 6478 38329
68719476746 8527 38343 68719476746
3773 38356 68719476746 26211
38362 68719476746 26064 38368
68719476746 15128 38374 68719476746
2934 38381 68719476746 16885
38394 68719476746 9206 38407
68719476746 16122 38420 68719476746
5646 38433 68719476746 7875
38446 68719476746 15217 38459
68719476746 23001 38472 68719476746
17084 38485 68719476746 3889
38498 68719476746 26604 38511
68719476746 22180 38524 68719476746
18854 38537 68719476746 19469
38550 68719476746 24408 38563
68719476746 23079 38576 68719476746
23514 38589 68719476746 10337
38602 68719476746 3440 38615
68719476746 10010 38628 68719476746
483 38641 68719476746 330
38654 68719476746 7470 38667
68719476746 20020 38680 68719476746
2293 38693 68719476746 3915
38957 68719476746 18963 38970
68719476746 20079 38983 68719476746
2953 38997 68719476746 27339
39010 68719476746 23158 39023
68719476746 19918 39036 68719476746
19768 39049 68719476746 23915
39062 68719476746 5089 39075
68719476746 1684 39088 68719476746
4499 39101 68719476746 8678
39114 68719476746 26495 39127
68719476746 24039 39140 68719476746
14800 39153 68719476746 25854
39166 68719476746 17846 39179
68719476746 24721 39192 68719476746
8744 39205 68719476746 8340
39218 68719476746 25436 39231
68719476746 734 39244 68719476746
20113 39257 68719476746 17956
39270 68719476746 24158 39283
68719476746 9277 39296 68719476746
20624 39309 68719476746 6070
39322 68719476746 16788 39335
68719476746 12051 39348 68719476746
25759 39362 68719476746 16
39376 68719476746 10448 39389
68719476746 23786 39402 68719476746
10797 39415 68719476746 18829
39428 68719476746 12809 39441
68719476746 21046 39454 68719476746
22671 39467 68719476746 17410
39480 68719476746 637 39493
68719476746 16935 39506 68719476746
9466 39520 68719476746 14192
39534 68719476746 9926 39555
68719476746 14192 39567 68719476746
8662 39580 68719476746 20748
39593 68719476746 25952 39606
68719476746 3632 39619 68719476746
15854 39632 68719476746 9365
39645 68719476746 9466 39658
68719476746 12229 39671 68719476746
9926 39691 68719476746 12229
39703 68719476746 8068 39716
68719476746 4275 39722 68719476746
12519 39728 68719476746 23254
39734 68719476746 20227 39741
68719476746 26134 39754 68719476746
19424 39767 68719476746 12413
39780 68719476746 6529 39793
68719476746 19596 39807 68719476746
4049 39840 68719476746 14522
39892 68719476746 78 39904
68719476746 14859 39916 68719476746
17004 39928 68719476746 27011
39962 68719476746 5574 39974
68719476746 6594 39986 68719476746
20642 39998 68719476746 18629
40016 68719476746 5326 40028
68719476746 14992 40040 68719476746
16750 40052 68719476746 17302
40080 68719476746 16627 40114
68719476746 20047 40126 68719476746
1742 40138 68719476746 23795
40150 68719476746 13026 40162
68719476746 13474 40174 68719476746
11745 40382 68719476746 4697
16004 35001 68719476746 17720
35013 68719476746 21038 35026
68719476746 21355 35038 68719476746
17485 35050 68719476746 9206
35069 68719476746 21476 35082
68719476746 5766 35088 68719476746
7818 35095 68719476746 5498
35107 68719476746 17720 35119
68719476746 2518 35131 68719476746
8460 35143 68719476746 12855
35155 68719476746 19828 35167
68719476746 6353 35179 68719476746
15336 35191 68719476746 8104
35232 68719476746 6161 35244
68719476746 102 35256 68719476746
10791 35268 68719476746 25020
35280 68719476746 18355 35292
68719476746 25542 35304 68719476746
5110 35316 68719476746 9656
35328 68719476746 21518 35347
68719476746 24919 35360 68719476746
11382 35372 68719476746 12171
35384 68719476746 1629 35396
68719476746 344 35408 68719476746
9684 35420 68719476746 9993
35432 68719476746 12676 35444
68719476746 23622 35456 68719476746
17511 35468 68719476746 10808
35499 68719476746 7172 35511
68719476746 16862 35517 68719476746
16815 35523 68719476746 26279
35529 68719476746 1368 35552
68719476746 26339 35564 68719476746
779 35576 68719476746 2091
35588 68719476746 987 35600
68719476746 1005 35612 68719476746
13341 35624 68719476746 7000
35636 68719476746 11788 35649
68719476746 24270 35661 68719476746
3145 35673 68719476746 15817
35685 68719476746 20402 35726
68719476746 23816 35737 68719476746
9294 35756 68719476746 6512
35767 68719476746 24397 35787
68719476746 136 35816 68719476746
4086 35852 68719476746 15241
35863 68719476746 2105 35874
68719476746 25117 35885 68719476746
6180 35897 68719476746 14822
35922 68719476746 22721 35934
68719476746 7668 35946 68719476746
17332 35958 68719476746 14340
35982 68719476746 23829 35994
68719476746 15971 36036 68719476746
19888 36048 68719476746 4457
36060 68719476746 6547 36072
68719476746 23795 36084 68719476746
14492 36096 68719476746 24699
36108 68719476746 13822 36122
68719476746 17556 36134 68719476746
683 36146 68719476746 1996
36158 68719476746 22721 36170
68719476746 1022 36182 68719476746
17677 36194 68719476746 7380
36206 68719476746 10515 36256
68719476746 7956 36268 68719476746
22721 36280 68719476746 16579
36292 68719476746 11382 36304
68719476746 15320 36316 68719476746
17643 36353 68719476746 4484
36371 68719476746 13697 36383
68719476746 25117 36419 68719476746
4138 36440 68719476746 23829
36463 68719476746 22451 36476
68719476746 10488 36488 68719476746
20854 36511 68719476746 7190
36523 68719476746 1221 36535
68719476746 13001 36547 68719476746
14660 36559 68719476746 16305
36571 68719476746 7424 36583
68719476746 20748 36595 68719476746
22863 36607 68719476746 2691
36631 68719476746 21442 36730
68719476746 21099 36742 68719476746
5472 36754 68719476746 600
36766 68719476746 18640 36778
68719476746 5682 36790 68719476746
21405 36802 68719476746 6529
36825 68719476746 8884 36837
68719476746 7598 36866 68719476746
6868 36880 68719476746 15817
36893 68719476746 16690 36906
68719476746 22488 36920 68719476746
551 36951 68719476746 7411
36964 68719476746 12208 36977
68719476746 14150 36990 68719476746
7768 37003 68719476746 14636
37016 68719476746 21765 37029
68719476746 12965 37042 68719476746
9941 37056 68719476746 3292
37069 68719476746 21038 37082
68719476746 13633 37095 68719476746
11118 37108 68719476746 9073
37122 68719476746 9621 37135
68719476746 9650 37148 68719476746
1193 37161 68719476746 21046
37175 68719476746 6698 37188
68719476746 6628 37201 68719476746
3700 37214 68719476746 11382
37228 68719476746 26077 37242
68719476746 21348 37255 68719476746
4296 37268 68719476746 5145
37281 68719476746 15673 37294
68719476746 18605 37307 68719476746
25037 37320 68719476746 8728
37333 68719476746 10876 37346
68719476746 12257 37359 68719476746
29 37372 68719476746 23795
37385 68719476746 22458 37398
68719476746 1011 37411 68719476746
6843 37425 68719476746 21954
37452 68719476746 20184 37466
68719476746 7796 37480 68719476746
12470 37494 68719476746 16408
37508 68719476746 16190 37536
68719476746 22635 37550 68719476746
9650 37564 68719476746 1193
37578 68719476746 27103 37592
30621 68719476746 20086 30668
68719476746 23236 30685 68719476746
14017 30708 68719476746 6235
30736 68719476746 11693 30749
68719476746 24888 30762 68719476746
19694 30775 68719476746 2676
30788 68719476746 20266 30808
68719476746 23057 31069 68719476746
8579 32398 68719476746 18012
32469 68719476746 12902 32634
68719476746 60 32686 68719476746
20487 32728 68719476746 20909
32740 68719476746 10242 32752
68719476746 5102 32764 68719476746
1302 32776 68719476746 25410
32788 68719476746 14725 32824
68719476746 3415 32836 68719476746
1234 32848 68719476746 24463
32860 68719476746 9206 32872
68719476746 9466 32884 68719476746
7500 32896 68719476746 25117
32908 68719476746 12597 32920
68719476746 9305 32932 68719476746
15817 32944 68719476746 1542
32956 68719476746 18706 32968
68719476746 15890 32980 68719476746
10889 33011 68719476746 2887
33023 68719476746 8780 33035
68719476746 21945 33047 68719476746
24177 33066 68719476746 1953
33078 68719476746 2887 33099
68719476746 22830 33111 68719476746
3787 33132 68719476746 5452
33157 68719476746 417 33169
68719476746 1945 33195 68719476746
15300 33206 68719476746 7436
33232 68719476746 10791 33243
68719476746 9434 33263 68719476746
1221 33275 68719476746 9466
33287 68719476746 17485 33308
68719476746 295 33319 68719476746
26220 33331 68719476746 15268
33343 68719476746 24515 33355
68719476746 25265 33367 68719476746
4800 33379 68719476746 26440
33391 68719476746 5583 33403
68719476746 6419 33415 68719476746
17785 33427 68719476746 24304
33439 68719476746 3155 33463
68719476746 19387 33475 68719476746
8217 33487 68719476746 10934
33499 68719476746 9206 33518
68719476746 15174 33530 68719476746
5145 33542 68719476746 11609
33554 68719476746 19448 33575
68719476746 16395 33581 68719476746
13405 33587 68719476746 2619
33593 68719476746 23864 33600
68719476746 17451 33612 68719476746
15817 33657 68719476746 15420
33675 68719476746 8889 33687
68719476746 21810 33698 68719476746
1392 33710 68719476746 23712
33722 68719476746 11382 33734
68719476746 15459 33753 68719476746
8955 33765 68719476746 15231
33815 68719476746 26301 33826
68719476746 974 33837 68719476746
14162 33854 68719476746 16946
33865 68719476746 25881 33882
68719476746 2266 33894 68719476746
6720 33906 68719476746 4475
33918 68719476746 2031 33930
68719476746 11712 33943 68719476746
1432 33967 68719476746 22664
33979 68719476746 2309 33990
68719476746 26462 34002 68719476746
13624 34021 68719476746 12306
34033 68719476746 5334 34054
68719476746 17725 34066 68719476746
6538 34078 68719476746 10494
34090 68719476746 9676 34102
68719476746 20950 34138 68719476746
12306 34150 68719476746 5334
34162 68719476746 9676 34183
68719476746 12306 34195 68719476746
5334 34207 68719476746 3284
34219 68719476746 20373 34231
68719476746 11439 34252 68719476746
3123 34264 68719476746 22654
34285 68719476746 18193 34318
68719476746 10494 34329 68719476746
13598 34340 68719476746 22298
34362 68719476746 22502 34373
68719476746 20528 34384 68719476746
15480 34412 68719476746 8631
34424 68719476746 18346 34436
68719476746 264 34448 68719476746
14702 34460 68719476746 21262
34473 68719476746 9931 34484
68719476746 16971 34497 68719476746
13517 34510 68719476746 7139
34523 68719476746 19998 34536
68719476746 15373 34549 68719476746
12490 34562 68719476746 11032
34575 68719476746 20690 34588
68719476746 15870 34601 68719476746
7538 34614 68719476746 20830
34627 68719476746 27327 34640
68719476746 15320 34653 68719476746
2139 34679 68719476746 7447
34692 68719476746 20140 34712
68719476746 15373 34724 68719476746
1221 34736 68719476746 11661
34749 68719476746 13449 34761
68719476746 21634 34773 68719476746
4450 34785 68719476746 9841
34797 68719476746 11382 34818
68719476746 25410 34831 68719476746
12746 34842 68719476746 8029
34854 68719476746 23668 34866
68719476746 966 34878 68719476746
23924 34903 68719476746 3101
34915 68719476746 21371 34927
68719476746 5462 34939 68719476746
23668 34952 68719476746 26696
34964 68719476746 384 34976
68719476746 9155 34989 68719476746
68719476746 13754 27632 68719476746
23795 27646 68719476746 2980
27660 68719476746 8484 27674
68719476746 8204 27688 68719476746
13919 28153 68719476746 2980
28165 68719476746 5195 28177
68719476746 25631 28198 68719476746
25603 28210 68719476746 7482
28232 68719476746 17014 28244
68719476746 20215 28256 68719476746
12135 28269 68719476746 11248
28281 68719476746 19963 28293
68719476746 12926 28305 68719476746
7392 28329 68719476746 1221
28353 68719476746 15817 28372
68719476746 8497 28385 68719476746
13770 28398 68719476746 24811
28411 68719476746 7939 28424
68719476746 20518 28437 68719476746
8320 28450 68719476746 15051
28463 68719476746 11297 28476
68719476746 136 28489 68719476746
21739 28502 68719476746 19677
28515 68719476746 24386 28528
68719476746 2475 28541 68719476746
11275 28554 68719476746 13873
28567 68719476746 19940 28580
68719476746 19803 28593 68719476746
20548 28606 68719476746 21063
28619 68719476746 12481 28632
68719476746 21564 28645 68719476746
20723 28658 68719476746 23190
28671 68719476746 10508 28696
68719476746 11539 28709 68719476746
7392 28722 68719476746 19968
28735 68719476746 729 28748
68719476746 7675 28761 68719476746
24897 28774 68719476746 3303
28787 68719476746 4707 28800
68719476746 4161 28813 68719476746
16356 28826 68719476746 17543
28839 68719476746 22399 28852
68719476746 25265 28865 68719476746
7231 28878 68719476746 570
28891 68719476746 18999 28904
68719476746 25724 28917 68719476746
24785 28930 68719476746 11382
28943 68719476746 21237 28956
68719476746 15547 28969 68719476746
3460 28982 68719476746 13913
28995 68719476746 1892 29008
68719476746 21671 29021 68719476746
13110 29034 68719476746 5162
29059 68719476746 11668 29072
68719476746 25623 29085 68719476746
16619 29098 68719476746 18503
29111 68719476746 1533 29124
68719476746 17947 29137 68719476746
3941 29150 68719476746 6794
29163 68719476746 4166 29176
68719476746 2595 29189 68719476746
7681 29202 68719476746 15165
29215 68719476746 7149 29228
68719476746 16095 29241 68719476746
4072 29254 68719476746 21014
29267 68719476746 11155 29280
68719476746 5818 29316 68719476746
17344 29328 68719476746 2377
29341 68719476746 11382 29367
68719476746 3092 29393 68719476746
13880 29406 68719476746 16247
29420 68719476746 302 29433
68719476746 19381 29446 68719476746
3415 29459 68719476746 17709
29472 68719476746 22000 29485
68719476746 8700 29498 68719476746
4466 29521 68719476746 12931
29533 68719476746 13658 29557
68719476746 5671 29575 68719476746
11648 29581 68719476746 692
29594 68719476746 7627 29607
68719476746 7259 29662 68719476746
18020 29675 68719476746 26538
29688 68719476746 3006 29701
68719476746 4806 29714 68719476746
7259 29727 68719476746 13440
29740 68719476746 19522 29846
68719476746 20924 29858 68719476746
19828 29870 68719476746 7392
29882 68719476746 1221 29895
68719476746 2920 29907 68719476746
25199 29919 68719476746 7392
29932 68719476746 14748 29953
68719476746 136 29966 68719476746
19828 29989 68719476746 23379
30001 68719476746 9218 30026
68719476746 26120 30039 68719476746
14740 30052 68719476746 5515
30065 68719476746 669 30078
68719476746 13689 30091 68719476746
23169 30104 68719476746 16388
30146 68719476746 27054 30159
68719476746 1302 30172 68719476746
1458 30185 68719476746 3338
30198 68719476746 22229 30211
68719476746 7392 30224 68719476746
9206 30237 68719476746 15347
30250 68719476746 11569 30263
68719476746 23145 30276 68719476746
9553 30289 68719476746 14905
30302 68719476746 18000 30315
68719476746 27375 30328 68719476746
21246 30348 68719476746 6202
30361 68719476746 1053 30374
68719476746 8648 30387 68719476746
954 30400 68719476746 14138
30413 68719476746 27092 30426
68719476746 4884 30439 68719476746
9640 30452 68719476746 14471
30465 68719476746 12070 30478
68719476746 24185 30491 68719476746
6754 30504 68719476746 4021
30517 68719476746 12665 30530
68719476746 2811 30543 68719476746
22924 30556 68719476746 15185
30569 68719476746 4301 30582
68719476746 26039 30595 68719476746
25612 30608 68719476746 14459
6519 24907 68719476746 14645
24919 68719476746 11382 24931
68719476746 15817 24943 68719476746
1221 24955 68719476746 19359
24974 68719476746 11720 24986
68719476746 21607 24998 68719476746
9705 25010 68719476746 26637
25022 68719476746 20222 25034
68719476746 5036 25046 68719476746
14409 25058 68719476746 16164
25070 68719476746 25587 25082
68719476746 23703 25094 68719476746
26933 25106 68719476746 24642
25118 68719476746 19565 25130
68719476746 11387 25142 68719476746
6451 25154 68719476746 2319
25166 68719476746 3708 25178
68719476746 23419 25190 68719476746
23531 25202 68719476746 18781
25214 68719476746 5693 25226
68719476746 13058 25238 68719476746
13069 25251 68719476746 7346
25263 68719476746 14401 25275
68719476746 4338 25287 68719476746
12767 25300 68719476746 7547
25311 68719476746 5632 25323
68719476746 24368 25335 68719476746
25366 25347 68719476746 11342
25359 68719476746 3805 25371
68719476746 21432 25383 68719476746
8995 25395 68719476746 5704
25407 68719476746 6328 25419
68719476746 12535 25431 68719476746
17629 25443 68719476746 17471
25462 68719476746 4869 25476
68719476746 1169 25489 68719476746
17354 25502 68719476746 24108
25515 68719476746 17432 25528
68719476746 14532 25541 68719476746
10499 25554 68719476746 12380
25567 68719476746 4311 25581
68719476746 2072 25595 68719476746
22785 25609 68719476746 18521
25623 68719476746 23808 25637
68719476746 24195 25652 68719476746
27086 25663 68719476746 1961
25674 68719476746 14626 25686
68719476746 12634 25698 68719476746
22413 25710 68719476746 5384
25722 68719476746 21286 25734
68719476746 1335 25746 68719476746
6579 25758 68719476746 3365
25770 68719476746 22153 25782
68719476746 23965 25795 68719476746
23631 25807 68719476746 6932
25819 68719476746 21394 25831
68719476746 23221 25843 68719476746
17441 25855 68719476746 5596
25867 68719476746 10677 25879
68719476746 13717 25891 68719476746
18913 25903 68719476746 25469
25916 68719476746 5944 25929
68719476746 18989 25942 68719476746
7488 25955 68719476746 24315
25968 68719476746 3379 25996
68719476746 13986 26002 68719476746
13850 26008 68719476746 14916
26014 68719476746 2162 26020
68719476746 26151 26026 68719476746
10045 26032 68719476746 19723
26038 68719476746 5263 26044
68719476746 1084 26051 68719476746
16234 26064 68719476746 26012
26076 68719476746 15758 26122
68719476746 14572 26135 68719476746
5397 26148 68719476746 6038
26161 68719476746 20004 26174
68719476746 10384 26187 68719476746
6467 26200 68719476746 18399
26213 68719476746 25991 26276
68719476746 4538 26289 68719476746
7834 26302 68719476746 8865
26315 68719476746 316 26328
68719476746 3401 26341 68719476746
10410 26354 68719476746 9008
26367 68719476746 18868 26380
68719476746 24285 26467 68719476746
22339 26480 68719476746 3245
26493 68719476746 7613 26506
68719476746 15748 26519 68719476746
16105 26532 68719476746 26453
26545 68719476746 7111 26558
68719476746 13430 26571 68719476746
10200 26584 68719476746 20204
26597 68719476746 26193 26837
68719476746 15737 26851 68719476746
23795 26864 68719476746 11264
26877 68719476746 1155 26890
68719476746 9355 26904 68719476746
19998 26918 68719476746 14971
26995 68719476746 5339 27007
68719476746 20407 27019 68719476746
1718 27064 68719476746 25117
27086 68719476746 7507 27099
68719476746 15817 27125 68719476746
11118 27139 68719476746 11580
27157 68719476746 7886 27170
68719476746 25293 27183 68719476746
20344 27196 68719476746 23904
27209 68719476746 15766 27222
68719476746 5205 27235 68719476746
3859 27248 68719476746 26173
27261 68719476746 24792 27274
68719476746 11858 27287 68719476746
2664 27300 68719476746 20335
27313 68719476746 13162 27326
68719476746 25398 27339 68719476746
15102 27352 68719476746 9882
27365 68719476746 5922 27378
68719476746 465 27419 68719476746
20150 27485 68719476746 19611
27499 68719476746 12429 27512
68719476746 3931 27525 68719476746
5527 27538 68719476746 23322
27551 68719476746 9698 27564
68719476746 14295 27577 68719476746
17796 27590 68719476746 9263
27604 68719476746 21196 27618
22204 68719476746 14941 22217
68719476746 23957 22230 68719476746
9510 22244 68719476746 13979
22258 68719476746 23834 22272
68719476746 2974 22286 68719476746
156 22307 68719476746 11475
22321 68719476746 17701 22335
68719476746 16457 22349 68719476746
6307 22363 68719476746 12323
22377 68719476746 22611 22391
68719476746 23615 22405 68719476746
9443 22419 68719476746 5255
22433 68719476746 17928 22447
68719476746 27168 22461 68719476746
1664 22475 68719476746 4685
22489 68719476746 21994 22503
68719476746 22697 22517 68719476746
23733 22531 68719476746 13467
22545 68719476746 6690 22559
68719476746 11164 22580 68719476746
16070 22594 68719476746 25214
22608 68719476746 6402 22622
68719476746 15833 22636 68719476746
1919 22650 68719476746 26167
22664 68719476746 6854 22678
68719476746 22441 22699 68719476746
3194 22711 68719476746 20765
22723 68719476746 27177 22735
68719476746 6502 22747 68719476746
25108 22759 68719476746 21641
22771 68719476746 24977 22783
68719476746 14514 22795 68719476746
17290 22807 68719476746 6745
22831 68719476746 22845 22845
68719476746 24627 22858 68719476746
4099 22871 68719476746 3754
22884 68719476746 19407 22897
68719476746 25927 22910 68719476746
18927 22923 68719476746 10453
22936 68719476746 15123 22949
68719476746 23890 22962 68719476746
868 22975 68719476746 1143
22988 68719476746 2131 23001
68719476746 14958 23014 68719476746
12649 23027 68719476746 12248
23040 68719476746 1504 23053
68719476746 21842 23067 68719476746
6376 23081 68719476746 11598
23095 68719476746 12462 23109
68719476746 12860 23123 68719476746
26005 23137 68719476746 25512
23151 68719476746 23386 23165
68719476746 3949 23179 68719476746
23445 23193 68719476746 1102
23207 68719476746 5446 23221
68719476746 24347 23235 68719476746
10440 23249 68719476746 5623
23263 68719476746 21131 23277
68719476746 13798 23291 68719476746
23524 23305 68719476746 4932
23319 68719476746 21574 23333
68719476746 13861 23347 68719476746
14365 23361 68719476746 4555
23375 68719476746 8945 23389
68719476746 23214 23403 68719476746
20452 23451 68719476746 18082
23681 68719476746 1606 23715
68719476746 14773 23739 68719476746
16254 23785 68719476746 10918
23797 68719476746 1030 23809
68719476746 13323 23821 68719476746
21976 23834 68719476746 11626
23846 68719476746 26839 23858
68719476746 20656 23870 68719476746
23316 23882 68719476746 9466
23895 68719476746 26220 23907
68719476746 20656 23919 68719476746
23316 23931 68719476746 9466
23943 68719476746 19381 23955
68719476746 18216 23974 68719476746
21072 23986 68719476746 26220
23998 68719476746 5537 24023
68719476746 3092 24035 68719476746
17905 24041 68719476746 8514
24047 68719476746 8040 24053
68719476746 13193 24060 68719476746
7120 24094 68719476746 11616
24107 68719476746 12284 24131
68719476746 15817 24143 68719476746
6965 24155 68719476746 273
24179 68719476746 14694 24224
68719476746 15687 24236 68719476746
17720 24267 68719476746 1350
24308 68719476746 23602 24319
68719476746 10323 24331 68719476746
19712 24343 68719476746 15590
24355 68719476746 20614 24367
68719476746 11349 24379 68719476746
1843 24391 68719476746 7304
24426 68719476746 17145 24438
68719476746 21688 24450 68719476746
7659 24462 68719476746 24776
24474 68719476746 15533 24486
68719476746 25006 24498 68719476746
8572 24510 68719476746 3795
24522 68719476746 16275 24534
68719476746 14322 24546 68719476746
20445 24558 68719476746 9132
24570 68719476746 11068 24582
68719476746 417 24594 68719476746
23435 24606 68719476746 26110
24618 68719476746 21334 24630
68719476746 27046 24642 68719476746
11835 24654 68719476746 1467
24666 68719476746 17730 24678
68719476746 20193 24690 68719476746
7760 24702 68719476746 10399
24715 68719476746 1782 24728
68719476746 13332 24741 68719476746
23120 24754 68719476746 6277
24767 68719476746 15210 24780
68719476746 1226 24793 68719476746
22836 24806 68719476746 18462
24819 68719476746 3680 24832
68719476746 12298 24846 68719476746
374 24858 68719476746 5596
24870 68719476746 10677 24882
68719476746 17441 24894 68719476746
68719476746 21186 19108 68719476746
18567 19120 68719476746 13391
19132 68719476746 10020 19214
68719476746 8063 19226 68719476746
12042 19239 68719476746 19065
19251 68719476746 1221 19263
68719476746 26183 19275 68719476746
12926 19287 68719476746 19554
19306 68719476746 23776 19318
68719476746 570 19330 68719476746
18567 19342 68719476746 16261
19354 68719476746 1905 19366
68719476746 18671 19385 68719476746
19541 19481 68719476746 15247
19494 68719476746 13999 19506
68719476746 25872 19532 68719476746
5172 19579 68719476746 1817
19591 68719476746 7932 19603
68719476746 1302 19615 68719476746
21651 19746 68719476746 2335
19782 68719476746 1796 19827
68719476746 26396 19839 68719476746
1302 19863 68719476746 19888
19875 68719476746 23795 19969
68719476746 6943 19981 68719476746
13296 19993 68719476746 10819
20017 68719476746 22386 20041
68719476746 24651 20077 68719476746
14778 20112 68719476746 22324
20124 68719476746 212 20136
68719476746 21860 20148 68719476746
9206 20161 68719476746 17214
20173 68719476746 20500 20185
68719476746 11025 20216 68719476746
26911 20228 68719476746 1117
20239 68719476746 713 20251
68719476746 7316 20263 68719476746
25117 20276 68719476746 9062
20288 68719476746 1302 20312
68719476746 24445 20324 68719476746
19253 20336 68719476746 7374
20372 68719476746 9378 20380
68719476746 3324 20392 68719476746
15241 20404 68719476746 1302
20433 68719476746 9099 20445
68719476746 7495 20457 68719476746
13391 20469 68719476746 10020
20481 68719476746 9737 20493
68719476746 16242 20505 68719476746
1796 20656 68719476746 2905
20668 68719476746 12926 20692
68719476746 25230 20716 68719476746
21926 20728 68719476746 20313
20741 68719476746 19900 20747
68719476746 3724 20753 68719476746
11075 20760 68719476746 6139
20773 68719476746 13638 20786
68719476746 26703 20828 68719476746
3223 20840 68719476746 17161
20852 68719476746 11642 20883
68719476746 13352 20895 68719476746
16646 20913 68719476746 26513
20937 68719476746 22581 20949
68719476746 9434 20973 68719476746
11745 20985 68719476746 17720
21004 68719476746 11446 21016
68719476746 26183 21028 68719476746
8813 21040 68719476746 24484
21052 68719476746 7998 21064
68719476746 17972 21076 68719476746
6927 21089 68719476746 2241
21112 68719476746 14589 21125
68719476746 7787 21137 68719476746
23795 21149 68719476746 4896
21161 68719476746 3415 21173
68719476746 16348 21185 68719476746
21518 21232 68719476746 17618
21244 68719476746 12042 21256
68719476746 2352 21268 68719476746
22830 21280 68719476746 13205
21292 68719476746 11873 21304
68719476746 1302 21316 68719476746
1221 21328 68719476746 12926
21340 68719476746 3480 21352
68719476746 17720 21394 68719476746
25939 21408 68719476746 4362
21421 68719476746 20124 21434
68719476746 27215 21447 68719476746
8913 21460 68719476746 4875
21473 68719476746 6654 21486
68719476746 10230 21499 68719476746
17151 21512 68719476746 14835
21525 68719476746 8836 21538
68719476746 14231 21551 68719476746
6971 21564 68719476746 5886
21578 68719476746 26903 21592
68719476746 16697 21606 68719476746
11327 21620 68719476746 20661
21634 68719476746 13616 21648
68719476746 12273 21662 68719476746
19785 21676 68719476746 25896
21697 68719476746 18949 21709
68719476746 3515 21722 68719476746
18975 21734 68719476746 9206
21746 68719476746 15884 21771
68719476746 6564 21783 68719476746
14966 21807 68719476746 1302
21839 68719476746 11939 21850
68719476746 13748 21862 68719476746
16254 21875 68719476746 9705
21887 68719476746 1886 21899
68719476746 27177 21911 68719476746
14731 21923 68719476746 5962
21935 68719476746 24797 21947
68719476746 8369 21959 68719476746
2018 21971 68719476746 10003
21983 68719476746 21683 21995
68719476746 22537 22007 68719476746
25085 22019 68719476746 20963
22031 68719476746 9271 22055
68719476746 6613 22067 68719476746
25285 22086 68719476746 11242
22100 68719476746 18059 22113
68719476746 26381 22126 68719476746
7950 22139 68719476746 10063
22152 68719476746 11063 22165
68719476746 25429 22178 68719476746
25534 22191 68719476746 21868
13222 16242 68719476746 20817
16281 68719476746 24548 16295
68719476746 1302 16308 68719476746
9634 16321 68719476746 15951
16334 68719476746 18835 16347
68719476746 18092 16360 68719476746
18243 16373 68719476746 15980
16386 68719476746 13418 16399
68719476746 20841 16412 68719476746
20567 16425 68719476746 18291
16438 68719476746 19109 16451
68719476746 10826 16464 68719476746
4431 16477 68719476746 9756
16490 68719476746 14031 16503
68719476746 3643 16516 68719476746
13080 16529 68719476746 17248
16542 68719476746 4405 16555
68719476746 22680 16568 68719476746
2575 16581 68719476746 15433
16594 68719476746 15565 16607
68719476746 7219 16620 68719476746
4114 16633 68719476746 26942
16646 68719476746 18130 16659
68719476746 23490 16672 68719476746
19334 16685 68719476746 5001
16698 68719476746 17871 16711
68719476746 8306 16724 68719476746
9175 16737 68719476746 14345
16751 68719476746 2531 16765
68719476746 18530 16779 68719476746
25667 16793 68719476746 23844
16807 68719476746 729 16821
68719476746 7675 16835 68719476746
15009 16849 68719476746 12975
16863 68719476746 18879 16877
68719476746 6883 17344 68719476746
10567 17356 68719476746 4715
17368 68719476746 1285 17380
68719476746 10616 17392 68719476746
11226 17404 68719476746 6766
17416 68719476746 14199 17428
68719476746 6809 17440 68719476746
10158 17452 68719476746 10601
17464 68719476746 4565 17476
68719476746 14600 17529 68719476746
11427 17542 68719476746 11102
17555 68719476746 22744 17568
68719476746 27285 17595 68719476746
27285 17625 68719476746 6786
17637 68719476746 5274 17643
68719476746 12157 17649 68719476746
24832 17655 68719476746 17203
17662 68719476746 21442 17674
68719476746 9206 17686 68719476746
7316 17735 68719476746 11124
17759 68719476746 10611 17771
68719476746 22721 17783 68719476746
3903 17795 68719476746 22821
17807 68719476746 5515 17843
68719476746 15263 17855 68719476746
24392 17867 68719476746 13880
17879 68719476746 22979 17891
68719476746 23943 17903 68719476746
5521 17915 68719476746 22872
17927 68719476746 14061 17939
68719476746 5804 17951 68719476746
19949 17963 68719476746 9578
17975 68719476746 3428 17987
68719476746 13643 17999 68719476746
18689 18011 68719476746 21886
18023 68719476746 15971 18035
68719476746 23829 18047 68719476746
7447 18059 68719476746 1996
18084 68719476746 21212 18095
68719476746 13737 18106 68719476746
19856 18117 68719476746 8240
18128 68719476746 2895 18140
68719476746 12957 18152 68719476746
14118 18164 68719476746 13582
18176 68719476746 21325 18188
68719476746 6555 18200 68719476746
3472 18213 68719476746 14449
18224 68719476746 6099 18236
68719476746 17525 18242 68719476746
19811 18248 68719476746 2711
18255 68719476746 25700 18267
68719476746 14340 18279 68719476746
10541 18291 68719476746 9423
18303 68719476746 7726 18315
68719476746 13945 18362 68719476746
6134 18386 68719476746 15499
18398 68719476746 1302 18410
68719476746 25410 18434 68719476746
1453 18453 68719476746 23725
18465 68719476746 1302 18477
68719476746 18076 18489 68719476746
9466 18501 68719476746 19065
18513 68719476746 19779 18536
68719476746 8063 18548 68719476746
8710 18563 68719476746 12142
18578 68719476746 7012 18593
68719476746 440 18608 68719476746
3032 18642 68719476746 18457
18669 68719476746 9211 18682
68719476746 6023 18695 68719476746
27224 18708 68719476746 19208
18721 68719476746 24740 18734
68719476746 25461 18747 68719476746
19893 18760 68719476746 22471
18773 68719476746 6494 18786
68719476746 4974 18799 68719476746
6623 18812 68719476746 16213
18826 68719476746 18577 18840
68719476746 4604 18854 68719476746
12551 18868 68719476746 17591
18882 68719476746 19659 18903
68719476746 13281 18915 68719476746
27312 18927 68719476746 22305
18939 68719476746 16298 18951
68719476746 24202 18963 68719476746
7974 18975 68719476746 199
18987 68719476746 26387 18999
68719476746 898 19011 68719476746
5232 19023 68719476746 10688
19035 68719476746 15268 19047
68719476746 24845 19059 68719476746
15509 19071 68719476746 6194
19083 68719476746 15781 19095
13940 68719476746 11462 13952
68719476746 15817 13964 68719476746
2725 13976 68719476746 25639
13988 68719476746 26102 14017
68719476746 10026 14029 68719476746
11481 14041 68719476746 26926
14053 68719476746 21855 14065
68719476746 23205 14089 68719476746
3163 14101 68719476746 3597
14113 68719476746 25553 14125
68719476746 22377 14137 68719476746
3359 14149 68719476746 11873
14194 68719476746 7131 14206
68719476746 14340 14218 68719476746
9919 14230 68719476746 11094
14242 68719476746 20039 14254
68719476746 20556 14266 68719476746
22525 14278 68719476746 11873
14307 68719476746 20809 14319
68719476746 14340 14331 68719476746
7911 14343 68719476746 9969
14372 68719476746 27366 14384
68719476746 19381 14408 68719476746
1302 14420 68719476746 23795
14432 68719476746 9466 14444
68719476746 629 14456 68719476746
13156 14475 68719476746 14783
14487 68719476746 12184 14499
68719476746 7278 14511 68719476746
18312 14523 68719476746 24871
14535 68719476746 26995 14547
68719476746 21415 14559 68719476746
3616 14571 68719476746 22542
14683 68719476746 19498 14695
68719476746 25315 14707 68719476746
24071 14719 68719476746 5988
14744 68719476746 4918 14756
68719476746 6219 14768 68719476746
20538 14780 68719476746 9052
14793 68719476746 8852 14805
68719476746 12623 14817 68719476746
26265 14830 68719476746 18412
14842 68719476746 8128 14878
68719476746 12607 14890 68719476746
24136 14902 68719476746 26708
14933 68719476746 2603 14945
68719476746 16908 14957 68719476746
20972 14969 68719476746 16993
14981 68719476746 10215 14994
68719476746 22098 15006 68719476746
3878 15019 68719476746 23348
15031 68719476746 25122 15043
68719476746 14900 15055 68719476746
19685 15067 68719476746 23879
15080 68719476746 11132 15092
68719476746 24000 15104 68719476746
25751 15116 68719476746 22319
15140 68719476746 1945 15152
68719476746 17267 15164 68719476746
7359 15176 68719476746 3117
15201 68719476746 20249 15213
68719476746 21462 15225 68719476746
26426 15237 68719476746 16284
15249 68719476746 15912 15261
68719476746 19278 15273 68719476746
22052 15285 68719476746 22808
15347 68719476746 3604 15360
68719476746 10210 15390 68719476746
10250 15401 68719476746 3454
15413 68719476746 11045 15425
68719476746 17049 15436 68719476746
16484 15448 68719476746 23743
15454 68719476746 18742 15460
68719476746 27391 15466 68719476746
18722 15472 68719476746 2824
15478 68719476746 13032 15484
68719476746 7709 15491 68719476746
14866 15503 68719476746 1302
15515 68719476746 3689 15527
68719476746 16851 15539 68719476746
25132 15551 68719476746 24992
15563 68719476746 16897 15625
68719476746 3212 15637 68719476746
18076 15649 68719476746 21038
15661 68719476746 12855 15673
68719476746 8460 15685 68719476746
25117 15697 68719476746 22857
15709 68719476746 6353 15721
68719476746 15336 15733 68719476746
8104 15745 68719476746 13370
15758 68719476746 25981 15770
68719476746 21552 15805 68719476746
12311 15817 68719476746 25117
15829 68719476746 18076 15841
68719476746 7316 15853 68719476746
13370 15874 68719476746 9239
15880 68719476746 9895 15886
68719476746 2440 15892 68719476746
17225 15898 68719476746 24016
15904 68719476746 2397 15910
68719476746 24324 15916 68719476746
13006 15922 68719476746 20353
15928 68719476746 27231 15934
68719476746 23452 15940 68719476746
9534 15946 68719476746 5021
15952 68719476746 9827 15958
68719476746 19082 15965 68719476746
9859 15972 68719476746 8169
15979 68719476746 6112 15985
68719476746 20380 15992 68719476746
16665 15999 68719476746 9033
16007 68719476746 25380 16013
68719476746 25649 16020 68719476746
27142 16032 68719476746 13684
16044 68719476746 11363 16065
68719476746 21525 16071 68719476746
18938 16077 68719476746 5313
16083 68719476746 23642 16089
68719476746 7562 16095 68719476746
21021 16101 68719476746 15845
16108 68719476746 1421 16115
68719476746 2735 16122 68719476746
8922 16128 68719476746 1615
16136 68719476746 13211 16148
68719476746 14720 16160 68719476746
13001 16193 68719476746 3415
16205 68719476746 18617 16217
68719476746 11382 16229 68719476746
68719476746 13303 11606 68719476746
729 11621 68719476746 19005
11636 68719476746 12195 11651
68719476746 25802 11673 68719476746
26482 11685 68719476746 25863
11697 68719476746 5515 11709
68719476746 24250 11721 68719476746
7392 11733 68719476746 26102
11746 68719476746 1244 11765
68719476746 1833 11777 68719476746
26102 11814 68719476746 9504
11831 68719476746 23924 11850
68719476746 23657 11869 68719476746
25863 11881 68719476746 5515
11893 68719476746 24250 11905
68719476746 7392 11917 68719476746
26102 11930 68719476746 10939
11949 68719476746 22404 11961
68719476746 11382 11974 68719476746
4369 11985 68719476746 4261
11997 68719476746 22404 12010
68719476746 6012 12021 68719476746
892 12057 68719476746 25410
12069 68719476746 14725 12105
68719476746 13539 12117 68719476746
3415 12129 68719476746 7689
12141 68719476746 3521 12153
68719476746 16116 12165 68719476746
1788 12177 68719476746 10515
12190 68719476746 23287 12202
68719476746 11382 12214 68719476746
1476 12227 68719476746 8964
12246 68719476746 18211 12259
68719476746 1969 12270 68719476746
6990 12282 68719476746 9456
12294 68719476746 9337 12323
68719476746 15038 12361 68719476746
141 12373 68719476746 20585
12379 68719476746 16543 12385
68719476746 22163 12391 68719476746
20599 12397 68719476746 17108
12403 68719476746 15518 12409
68719476746 19983 12415 68719476746
7295 12421 68719476746 17986
12427 68719476746 15305 12433
68719476746 11821 12439 68719476746
1565 12445 68719476746 22428
12451 68719476746 4175 12457
68719476746 19011 12463 68719476746
27155 12469 68719476746 393
12475 68719476746 10142 12481
68719476746 4790 12487 68719476746
12716 12493 68719476746 1486
12499 68719476746 5215 12505
68719476746 508 12511 68719476746
6442 12517 68719476746 22237
12523 68719476746 17279 12529
68719476746 11304 12535 68719476746
9196 12541 68719476746 11526
12547 68719476746 11198 12553
68719476746 9951 12559 68719476746
5414 12565 68719476746 26235
12571 68719476746 16435 12578
68719476746 12109 12590 68719476746
15817 12602 68719476746 2026
12614 68719476746 20033 12626
68719476746 16584 12655 68719476746
1801 12679 68719476746 6460
12691 68719476746 4636 12703
68719476746 251 12732 68719476746
15489 12744 68719476746 27318
12750 68719476746 11515 12756
68719476746 20938 12762 68719476746
5873 12768 68719476746 27071
12775 68719476746 3568 12788
68719476746 10991 12801 68719476746
19433 12815 68719476746 5375
12828 68719476746 1221 12842
68719476746 9451 12856 68719476746
15357 12869 68719476746 26619
12882 68719476746 425 12895
68719476746 17720 12908 68719476746
23471 12921 68719476746 17856
12934 68719476746 25504 12947
68719476746 11382 12960 68719476746
23361 12973 68719476746 11414
12986 68719476746 6990 13000
68719476746 10772 13014 68719476746
12789 13028 68719476746 4617
13042 68719476746 5969 13070
68719476746 2078 13084 68719476746
12869 13098 68719476746 23795
13112 68719476746 13963 13126
68719476746 4523 13140 68719476746
2433 13154 68719476746 23046
13168 68719476746 13490 13182
68719476746 9977 13196 68719476746
21314 13210 68719476746 6664
13224 68719476746 16774 13238
68719476746 14927 13252 68719476746
1302 13327 68719476746 13311
13343 68719476746 9816 13356
68719476746 20794 13370 68719476746
18512 13386 68719476746 1406
13402 68719476746 20064 13418
68719476746 25066 13434 68719476746
26874 13450 68719476746 2097
13466 68719476746 14126 13482
68719476746 26555 13498 68719476746
26409 13514 68719476746 25520
13537 68719476746 12911 13551
68719476746 26204 13564 68719476746
19099 13578 68719476746 22621
13626 68719476746 26758 13639
68719476746 9451 13652 68719476746
11849 13672 68719476746 19199
13686 68719476746 8688 13699
68719476746 16060 13712 68719476746
7530 13782 68719476746 2964
13794 68719476746 22496 13806
68719476746 15817 13818 68719476746
2725 13830 68719476746 25639
13842 68719476746 7392 13854
68719476746 1302 13866 68719476746
5515 13878 68719476746 26102
13891 68719476746 11369 13903
68719476746 1221 13915 68719476746
10934 13927 68719476746 5515
21850 8476 68719476746 10195
8489 68719476746 16570 8514
68719476746 24419 8527 68719476746
19368 8540 68719476746 22043
8553 68719476746 26358 8566
68719476746 14560 8580 68719476746
3264 8594 68719476746 10851
8608 68719476746 13893 8622
68719476746 3173 8636 68719476746
19222 8650 68719476746 22009
8664 68719476746 10126 8678
68719476746 4981 8692 68719476746
12349 8706 68719476746 24984
8720 68719476746 14900 8734
68719476746 12123 8748 68719476746
20985 8762 68719476746 24505
8776 68719476746 7640 8790
68719476746 3344 8804 68719476746
13172 8818 68719476746 21752
8832 68719476746 24492 8846
68719476746 25695 8860 68719476746
3055 8874 68719476746 4105
8888 68719476746 18760 8902
68719476746 25326 8916 68719476746
13544 8930 68719476746 7198
8944 68719476746 19170 8958
68719476746 27184 8972 68719476746
8877 8986 68719476746 2421
9000 68719476746 19625 9014
68719476746 26961 9028 68719476746
26729 9042 68719476746 9962
9056 68719476746 13227 9070
68719476746 20893 9084 68719476746
17601 9098 68719476746 5851
9112 68719476746 12445 9126
68719476746 4239 9140 68719476746
26766 9154 68719476746 23690
9168 68719476746 2794 9182
68719476746 4651 9196 68719476746
21774 9210 68719476746 18221
9224 68719476746 26562 9238
68719476746 5915 9252 68719476746
4270 9266 68719476746 947
9287 68719476746 21506 9311
68719476746 15060 9323 68719476746
9402 9335 68719476746 26973
9347 68719476746 20869 9359
68719476746 10758 9371 68719476746
21272 9383 68719476746 0
9395 68719476746 10302 9407
68719476746 15616 9419 68719476746
26310 9431 68719476746 933
9443 68719476746 1932 9455
68719476746 7455 9467 68719476746
7578 9479 68719476746 5978
9491 68719476746 17685 9503
68719476746 6314 9515 68719476746
9919 9527 68719476746 10586
9539 68719476746 16371 9551
68719476746 6363 9563 68719476746
799 9575 68719476746 7093
9587 68719476746 8007 9599
68719476746 12333 9660 68719476746
26660 9672 68719476746 7043
9720 68719476746 7053 9744
68719476746 7063 9756 68719476746
7073 9768 68719476746 7083
9780 68719476746 19867 9842
68719476746 3074 9946 68719476746
10348 9959 68719476746 7339
10116 68719476746 15114 10128
68719476746 12097 10157 68719476746
24852 10229 68719476746 21231
10242 68719476746 16223 10255
68719476746 10348 10268 68719476746
4908 10281 68719476746 9370
10335 68719476746 3541 10439
68719476746 10348 10452 68719476746
20108 10465 68719476746 5137
10478 68719476746 2152 10491
68719476746 21581 10516 68719476746
6426 10529 68719476746 14971
10542 68719476746 27356 10562
68719476746 17166 10576 68719476746
11734 10590 68719476746 16602
10603 68719476746 92 10616
68719476746 7043 10629 68719476746
7053 10675 68719476746 12703
10689 68719476746 22314 10702
68719476746 13953 10716 68719476746
3189 10731 68719476746 2561
10745 68719476746 564 10757
68719476746 9669 10769 68719476746
6922 10781 68719476746 21746
10807 68719476746 19828 10836
68719476746 4861 10849 68719476746
26982 10879 68719476746 22792
10893 68719476746 26893 10960
68719476746 15469 10972 68719476746
18553 10983 68719476746 10357
11002 68719476746 11382 11015
68719476746 16421 11026 68719476746
8560 11038 68719476746 23305
11050 68719476746 23407 11062
68719476746 21860 11074 68719476746
2330 11087 68719476746 220
11099 68719476746 8229 11112
68719476746 11678 11124 68719476746
25960 11153 68719476746 8052
11166 68719476746 6679 11178
68719476746 11989 11202 68719476746
812 11214 68719476746 15662
11226 68719476746 7749 11238
68719476746 12235 11250 68719476746
25303 11263 68719476746 11050
11276 68719476746 543 11302
68719476746 1302 11315 68719476746
7398 11328 68719476746 2501
11341 68719476746 22193 11377
68719476746 13370 11401 68719476746
12011 11413 68719476746 1302
11477 68719476746 22895 11489
68719476746 25147 11501 68719476746
12000 11513 68719476746 24359
11525 68719476746 18471 11537
68719476746 2855 11549 68719476746
5718 11561 68719476746 22061
11576 68719476746 17363 11591
5641 68719476746 17125 5655
68719476746 10166 5669 68719476746
5574 5683 68719476746 15718
5697 68719476746 20642 5711
68719476746 2980 5725 68719476746
18629 5739 68719476746 16555
5753 68719476746 4591 5767
68719476746 794 5781 68719476746
25185 5795 68719476746 4827
5809 68719476746 25968 5823
68719476746 9775 5837 68719476746
16711 5851 68719476746 11491
5865 68719476746 3996 5879
68719476746 26740 5893 68719476746
9570 5907 68719476746 21087
5921 68719476746 17057 5935
68719476746 2487 5949 68719476746
14679 5963 68719476746 4195
5977 68719476746 1765 5991
68719476746 14976 6005 68719476746
19387 6019 68719476746 18681
6033 68719476746 24962 6047
68719476746 24634 6075 68719476746
18169 6089 68719476746 22291
6103 68719476746 4672 6117
68719476746 11965 6131 68719476746
9587 6145 68719476746 24270
6159 68719476746 19033 6173
68719476746 13119 6187 68719476746
12732 6201 68719476746 13669
6215 68719476746 22596 6229
68719476746 5296 6243 68719476746
11313 6257 68719476746 3839
6271 68719476746 8023 6285
68719476746 5607 6299 68719476746
22071 6313 68719476746 26679
6334 68719476746 21111 6346
68719476746 675 6358 68719476746
17766 6370 68719476746 1259
6382 68719476746 18481 6394
68719476746 15403 6406 68719476746
20135 6418 68719476746 18376
6431 68719476746 22262 6443
68719476746 22274 6484 68719476746
12891 6497 68719476746 19143
6509 68719476746 24220 6521
68719476746 19152 6533 68719476746
24230 6545 68719476746 15992
6557 68719476746 22368 6569
68719476746 18893 6581 68719476746
24051 6593 68719476746 8543
6605 68719476746 21161 6617
68719476746 23270 6629 68719476746
14247 6641 68719476746 7989
6653 68719476746 8159 6666
68719476746 6569 6679 68719476746
11778 6692 68719476746 5486
6705 68719476746 3984 6718
68719476746 5659 6731 68719476746
2369 6744 68719476746 15927
6757 68719476746 771 6770
68719476746 21915 6783 68719476746
5052 6796 68719476746 916
6809 68719476746 1726 6822
68719476746 14384 6835 68719476746
19636 6848 68719476746 18805
6861 68719476746 23399 6874
68719476746 2552 6887 68719476746
17463 6900 68719476746 27027
6914 68719476746 2656 6928
68719476746 13971 6942 68719476746
859 6956 68719476746 180
6970 68719476746 2760 6984
68719476746 26858 6998 68719476746
11979 7012 68719476746 2749
7050 68719476746 14710 7063
68719476746 22399 7075 68719476746
18124 7087 68719476746 24473
7099 68719476746 15547 7111
68719476746 22118 7123 68719476746
2007 7135 68719476746 600
7147 68719476746 3744 7159
68719476746 20997 7171 68719476746
3129 7195 68719476746 22645
7207 68719476746 5506 7219
68719476746 533 7231 68719476746
15696 7243 68719476746 4317
7255 68719476746 288 7268
68719476746 20881 7281 68719476746
4127 7294 68719476746 1444
7307 68719476746 20140 7320
68719476746 241 7333 68719476746
13102 7346 68719476746 279
7359 68719476746 22883 7372
68719476746 16197 7385 68719476746
17076 7398 68719476746 6088
7412 68719476746 23761 7426
68719476746 10840 7440 68719476746
1108 7454 68719476746 17375
7482 68719476746 25775 7496
68719476746 19397 7510 68719476746
16340 7524 68719476746 9145
7538 68719476746 8905 7552
68719476746 10373 7566 68719476746
25028 7580 68719476746 23801
7594 68719476746 21591 7608
68719476746 20757 7622 68719476746
11810 7636 68719476746 19238
7650 68719476746 13142 7664
68719476746 15644 7678 68719476746
23795 7692 68719476746 15174
7706 68719476746 10477 7720
68719476746 6342 7734 68719476746
7392 7748 68719476746 7034
7762 68719476746 17659 7776
68719476746 8889 7790 68719476746
22911 7862 68719476746 23975
7874 68719476746 18211 8259
68719476746 2198 8271 68719476746
13731 8300 68719476746 26829
8311 68719476746 4348 8345
68719476746 6983 8359 68719476746
19828 8372 68719476746 1221
8385 68719476746 1302 8398
68719476746 23587 8411 68719476746
15723 8424 68719476746 543
8437 68719476746 4379 8450
68719476746 15391 8463 68719476746
68719476746 24210 2624 68719476746
16317 2636 68719476746 19161
2648 68719476746 24240 2660
68719476746 19181 2672 68719476746
24260 2684 68719476746 23177
2696 68719476746 7650 2708
68719476746 10036 2720 68719476746
20859 2732 68719476746 23338
2744 68719476746 21178 2756
68719476746 9807 2768 68719476746
12780 2780 68719476746 25823
2792 68719476746 3968 2804
68719476746 3016 2816 68719476746
25249 2828 68719476746 26812
2840 68719476746 14222 2852
68719476746 25845 2864 68719476746
26367 2876 68719476746 5828
2888 68719476746 23593 2900
68719476746 7105 2912 68719476746
5287 2924 68719476746 9164
2936 68719476746 10280 2948
68719476746 12844 2961 68719476746
785 2974 68719476746 21801
2987 68719476746 21876 3000
68719476746 19315 3013 68719476746
5835 3026 68719476746 5179
3039 68719476746 19517 3052
68719476746 11396 3065 68719476746
10096 3078 68719476746 10522
3254 68719476746 1852 3267
68719476746 20422 3305 68719476746
13591 3342 68719476746 26331
3355 68719476746 23949 3392
68719476746 5364 3405 68719476746
12419 3418 68719476746 8329
3444 68719476746 27110 3457
68719476746 18429 3483 68719476746
3387 3496 68719476746 4211
3509 68719476746 9019 3705
68719476746 17917 3718 68719476746
6957 3730 68719476746 18066
3743 68719476746 15712 3964
68719476746 24709 3978 68719476746
19828 3991 68719476746 15712
4004 68719476746 22721 4017
68719476746 23795 4030 68719476746
27118 4043 68719476746 17038
4056 68719476746 8183 4069
68719476746 18829 4082 68719476746
21371 4095 68719476746 2769
4108 68719476746 16590 4121
68719476746 993 4134 68719476746
16885 4172 68719476746 11947
4186 68719476746 16083 4200
68719476746 10575 4214 68719476746
7982 4228 68719476746 24906
4242 68719476746 3313 4256
68719476746 273 4270 68719476746
5900 4297 68719476746 3558
4311 68719476746 1073 4325
68719476746 16983 4339 68719476746
23678 4353 68719476746 8190
4367 68719476746 16960 4381
68719476746 2357 4395 68719476746
10867 4412 68719476746 14504
4429 68719476746 3505 4446
68719476746 1866 4463 68719476746
17809 4494 68719476746 16579
4508 68719476746 26982 4522
68719476746 23108 4536 68719476746
9466 4550 68719476746 21122
4564 68719476746 629 4578
68719476746 9713 4592 68719476746
24936 4606 68719476746 8115
4620 68719476746 22113 4634
68719476746 18792 4648 68719476746
6001 4662 68719476746 6263
4676 68719476746 10424 4690
68719476746 9650 4704 68719476746
1193 4718 68719476746 24615
4732 68719476746 7737 4746
68719476746 5559 4760 68719476746
3586 4774 68719476746 22774
4788 68719476746 13187 4802
68719476746 21341 4816 68719476746
6150 4830 68719476746 20168
4844 68719476746 10179 4858
68719476746 7366 4872 68719476746
7796 4886 68719476746 12470
4900 68719476746 14669 4914
68719476746 10611 4928 68719476746
11882 4942 68719476746 22606
4956 68719476746 26091 4970
68719476746 19048 4984 68719476746
6244 4998 68719476746 15384
5025 68719476746 19998 5039
68719476746 11124 5053 68719476746
11661 5067 68719476746 14441
5081 68719476746 11006 5095
68719476746 8146 5109 68719476746
25415 5123 68719476746 3420
5137 68719476746 14330 5151
68719476746 18769 5165 68719476746
18324 5179 68719476746 21725
5193 68719476746 6731 5207
68719476746 78 5221 68719476746
11189 5235 68719476746 16180
5249 68719476746 20437 5263
68719476746 14859 5277 68719476746
15577 5291 68719476746 11174
5305 68719476746 1130 5319
68719476746 5548 5333 68719476746
17004 5347 68719476746 409
5361 68719476746 9726 5375
68719476746 21147 5389 68719476746
9412 5403 68719476746 11403
5417 68719476746 6284 5431
68719476746 18272 5445 68719476746
20669 5459 68719476746 1642
5473 68719476746 12363 5487
68719476746 26796 5501 68719476746
610 5515 68719476746 14882
5529 68719476746 15143 5543
68719476746 17884 5557 68719476746
2870 5571 68719476746 2212
5585 68719476746 16149 5599
68719476746 21711 5613 68719476746
8395 5627 68719476746 19740
2106 96 8589934593 2530
56 12884901889 349 80
30064771073 80 88 30064771073
80 112 30064771073 0
144 12884901889 369 176
30064771073 176 184 30064771073
176 248 12884901889 379
272 30064771073 272 280
30064771073 272 304 30064771073
192 336 12884901889 408
368 219043332097 0 448
8589934593 26 456 8589934593
0 472 8589934593 13
328 261993005057 0 584
236223201281 0 6 47244640266
0 12 68719476746 16020
17 68719476746 10630 21
68719476746 10703 25 8589934593
0 33 8589934593 2882
41 64424509450 0 48
68719476746 356 82 68719476746
24066 89 68719476746 27261
121 68719476746 5823 134
68719476746 21982 139 68719476746
6302 152 68719476746 13525
157 68719476746 23719 170
68719476746 18233 175 68719476746
26325 188 68719476746 12023
193 68719476746 24010 204
68719476746 26790 215 68719476746
24805 228 68719476746 46
233 68719476746 72 246
68719476746 22943 337 68719476746
1065 356 68719476746 2481
362 68719476746 20308 387
68719476746 24660 398 68719476746
21617 409 68719476746 8469
422 68719476746 19190 427
68719476746 14177 438 68719476746
7917 449 68719476746 3665
460 68719476746 18153 471
68719476746 23983 482 68719476746
17178 493 68719476746 20470
504 68719476746 8796 515
68719476746 13803 532 68719476746
15628 543 68719476746 22984
554 68719476746 875 565
68719476746 18257 576 68719476746
26734 587 68719476746 10264
598 68719476746 23896 609
68719476746 16929 620 68719476746
22905 631 68719476746 21791
642 68719476746 3112 655
68719476746 9396 660 68719476746
16207 671 68719476746 11973
682 68719476746 1511 693
68719476746 3871 704 68719476746
26671 715 68719476746 4222
726 68719476746 26866 737
68719476746 2063 748 68719476746
17194 759 68719476746 17099
770 68719476746 23770 781
68719476746 8772 792 68719476746
13933 803 68719476746 14425
822 68719476746 15758 835
68719476746 14764 854 68719476746
15758 867 68719476746 21376
878 68719476746 15823 890
68719476746 9206 902 68719476746
20432 921 68719476746 27274
933 68719476746 3515 946
68719476746 22477 958 68719476746
9206 970 68719476746 15884
1004 68719476746 23933 1016
68719476746 166 1028 68719476746
14312 1040 68719476746 111
1052 68719476746 23795 1087
68719476746 5565 1099 68719476746
21387 1111 68719476746 10187
1156 68719476746 19975 1339
68719476746 1988 1373 68719476746
23795 1408 68719476746 8443
1442 68719476746 20416 1465
68719476746 5156 1488 68719476746
7812 1511 68719476746 22937
1538 68719476746 1737 1549
68719476746 25375 1567 68719476746
18362 1579 68719476746 19070
1614 68719476746 2997 1625
68719476746 10749 1636 68719476746
19532 1647 68719476746 24823
1658 68719476746 4624 1690
68719476746 1712 1701 68719476746
26446 1713 68719476746 26446
1726 68719476746 13382 1758
68719476746 10671 1790 68719476746
12343 1822 68719476746 19492
1833 68719476746 26748 1851
68719476746 11745 1863 68719476746
23795 1875 68719476746 26272
1955 68719476746 26531 1967
68719476746 5119 1979 68719476746
5125 1994 68719476746 14340
2050 68719476746 6257 2119
68719476746 5131 2154 68719476746
25575 2173 68719476746 7245
2185 68719476746 21451 2197
68719476746 1980 2224 68719476746
7775 2239 68719476746 14340
2282 68719476746 18110 2294
68719476746 14810 2306 68719476746
7781 2319 68719476746 23504
2330 68719476746 12656 2342
68719476746 3415 2354 68719476746
12883 2367 68719476746 5425
2379 68719476746 7316 2392
68719476746 6801 2404 68719476746
188 2416 68719476746 5733
2428 68719476746 27125 2440
68719476746 1302 2453 68719476746
22141 2465 68719476746 14952
2477 68719476746 24130 2490
68719476746 4815 2502 68719476746
4326 2514 68719476746 18199
2551 68719476746 7321 2564
68719476746 9608 2576 68719476746
19927 2588 68719476746 6252
2600 68719476746 19134 2612
1046 270582939650 -4 1061
416611827714 44 1081 257698037762
-4 1169 309237645314 -4
1189 412316860418 -4 1197
249108103170 -4 1211 210453397506
-4 1241 12884901899 84
1246 322122547202 -4 1284
12884901899 115 1298 317827579906
-4 1321 223338299394 -4
1344 365072220162 -4 1362
30064771083 0 1371 253403070466
-4 1378 30064771074 172
1419 30064771083 176 1439
30064771074 180 1450 30064771083
176 1458 352187318274 -4
1465 30064771083 0 1470
377957122050 -4 1477 30064771083
176 1492 30064771083 192
1497 253403070466 -4 1504
416611827714 60 1529 257698037762
-4 1539 425201762306 -4
1561 343597383682 -4 1568
425201762306 -4 1577 38654705675
32 1584 12884901899 120
1598 425201762306 -4 1607
227633266690 -4 1614 425201762306
-4 1621 38654705675 40
1628 12884901899 141 1640
313532612619 0 1657 382252089346
-4 1667 274877906946 -4
1674 425201762306 -4 1682
279172874242 -4 1689 30064771083
192 1694 377957122050 -4
1706 30064771083 0 1721
377957122050 -4 1733 244813135874
-4 1751 12884901899 161
1765 317827579906 -4 1784
356482285570 -4 1791 12884901899
166 1801 322122547202 -4
1808 30064771083 0 1815
253403070466 -4 1822 30064771074
172 1849 300647710722 -4
1864 30064771083 176 1876
30064771083 0 1883 30064771074
172 1888 377957122050 -4
1901 244813135874 -4 1908
30064771083 176 1919 30064771083
192 1924 253403070466 -4
1931 425201762306 -4 1945
339302416386 -4 1963 38654705666
44 1968 292057776130 -4
1975 425201762306 -4 1980
244813135874 -4 1987 425201762306
-8 1998 30064771083 192
2003 377957122050 -4 2013
12884901899 206 2020 322122547202
-4 2031 244813135874 -4
2045 326417514507 0 2061
12884901899 238 2068 322122547202
-4 2107 309237645314 -4
2121 12884901899 283 2126
231928233986 -4 2153 12884901899
287 2158 266287972354 -4
2168 38654705666 52 2181
12884901899 294 2189 206158430219
0 2197 283467841547 0
2204 38654705675 64 2222
399431958530 -4 2232 38654705666
44 2248 403726925826 -4
2258 38654705666 20 2277
38654705666 20 2282 214748364802
-4 2310 38654705666 20
2323 12884901899 303 2335
38654705666 4 2348 38654705666
12 2353 201863462914 -4
2367 30064771083 368 2374
38654705675 80 2379 408021893122
-4 2394 38654705675 80
2399 287762808834 -4 2419
373662154754 -4 2434 38654705666
44 2439 304942678018 -4
2457 12884901899 287 2462
386547056642 -4 2479 12884901899
283 2484 386547056642 -4
2502 12884901899 307 2509
322122547202 -4 2531 309237645314
-4 2538 38654705666 52
2554 12884901899 287 2559
386547056642 -4 2568 12884901899
283 2573 386547056642 -4
2582 30064771083 192 2587
253403070466 -4 2594 425201762306
-5 2602 30064771083 192
2609 377957122050 -4 2616
425201762306 -4 2625 339302416386
-4 2640 377957122050 -4
2647 38654705666 44 2657
292057776130 -4 2664 38654705666
44 2669 304942678018 -4
2678 30064771083 192 2683
253403070466 -4 2690 425201762306
-4 2700 244813135874 -4
2707 30064771083 192 2712
377957122050 -4 2721 30064771083
0 2726 253403070466 -4
2733 30064771074 172 2746
300647710722 -4 2758 244813135874
-4 2769 30064771083 176
2778 30064771083 0 2783
377957122050 -4 2790 38654705666
19 2805 38654705666 20
2810 214748364802 -4 2838
38654705666 20 2843 369367187458
-4 2849 38654705666 172
2856 38654705675 80 2861
420906795010 -4 2873 373662154754
-4 0 8589934594 1953
4 8589934594 2286 8
8589934594 2633 12 8589934594
2814 0 8589934593 4
8 8589934593 17 16
8589934593 40 24 8589934593
222 32 8589934593 347
40 8589934593 399 48
8589934593 502 56 8589934593
692 64 8589934593 954
72 8589934593 1019 80
8589934593 1168 88 8589934593
0 269 436078417043000897 -8213284765453352103
-3656135360344751613 55740871752142402 36 0
64 436078417043000897 34478016123 44
0 141 436078417043000897 883201913548669777
12978183 60 0 944
436078417043000897 -8213003286181608615 4810692713957789444 4742082386295866060
3322414860 44 0 428
436078417043000897 110060029662757722 -4177080905161226813 44
0 359 436078417043000897 93171531060118356
-4177080905161227581 7089075301995720192 7089075323386670592 8390897094767095296
7310590614138020449 7599087897935767342 8227514000513786988 8392569455273667685
7022344802971823616 13843063767331630 7886698368421163566 32487697137033072
8027224784770133294 6872318674577010176 7809088296649188205 7020097460236215151
8227513987816842286 3347703287458655333 7305804445347899756 8029178659965793326
8314258441315841380 3342071581448732787 7955995114682344804 8458434531098128230
8531350836006182759 7218814370907827712 7165064689183187557 7218814370907827712
7021781831409558117 7306015074972690286 7453001577199531362 7020097460236219237
7809074032743375918 7090183337102634601 3314775170222090101 32772479205076835
5640528071584869934 30227092724723029 7306015491467080238 7881706606887925090
101 0 0 0
0 0 0 0
read 3221 profiled data
